[([3, 20, 55, 75], [0, 1, 1, 1], [1, 1, 1], [0, 1, 0], 16385/32768),
 ([3, 7, 72, 270], [0, 3, 3, 3], [1, 1, 1], [1, 0, 0], 16383/32768),
 ([3, 13, 42, 91], [0, 1, 1, 1], [1, 1, 1], [0, 1, 1], 32765/65536),
 ([29, 85, 94, 101], [0, 2, 2, 2], [1, 1, 1], [1, 0, 0], 8191/16384),
 ([0, 20, 46, 88], [0, 1, 1, 1], [1, 1, 1], [0, 1, 0], 8191/16384),
 ([3, 33, 62, 117], [0, 1], [0, 0, 1], [1, 0, 1], 16381/32768),
 ([13, 16, 46, 91], [0, 1], [0, 1, 0], [1, 0, 1], 16381/32768),
 ([10, 59, 114, 117], [0, 2, 2, 2], [1, 1, 1], [0, 1, 0], 32761/65536),
 ([3, 16, 49, 280], [0, 3, 3, 3], [1, 1, 1], [0, 1, 0], 32781/65536),
 ([20, 36, 104, 133], [0, 2, 2, 2], [1, 1, 1], [1, 0, 1], 16377/32768),
 ([10, 46, 55, 202], [0, 2], [0, 1, 0], [1, 0, 0], 32751/65536),
 ([0, 20, 59, 195], [0, 2, 2], [1, 0, 1], [1, 1, 1], 32751/65536),
 ([13, 20, 49, 68], [0, 1, 1, 1], [1, 1, 1], [1, 0, 1], 16375/32768),
 ([3, 36, 104, 224], [0, 2, 3, 3], [1, 1, 1], [0, 0, 0], 32749/65536),
 ([3, 7, 42, 81], [0, 1, 1, 1], [1, 1, 1], [1, 0, 1], 32749/65536),
 ([13, 20, 42, 85], [0, 1, 1, 1], [1, 1, 1], [0, 0, 1], 32747/65536),
 ([3, 20, 75, 111], [0, 1], [0, 0, 1], [0, 0, 1], 16373/32768),
 ([23, 42, 49, 62], [0, 1, 1], [1, 0, 1], [0, 0, 0], 16395/32768),
 ([3, 3, 16, 98], [0, 1, 1], [0, 1, 1], [0, 1, 0], 16395/32768),
 ([16, 39, 81, 218], [0, 2, 3, 3], [1, 1, 1], [0, 1, 0], 32745/65536),
 ([0, 3, 78, 104], [0, 1, 1, 1], [1, 1, 1], [0, 1, 1], 32745/65536),
 ([23, 68, 88, 120], [0, 2, 2, 2], [1, 1, 1], [1, 0, 0], 4099/8192),
 ([42, 52, 59, 140], [0, 2, 2, 2], [1, 1, 1], [1, 1, 0], 4099/8192),
 ([10, 23, 23, 228], [0, 2], [0, 0, 1], [1, 0, 1], 32743/65536),
 ([26, 49, 52, 68], [0, 1, 1, 1], [1, 1, 1], [0, 1, 1], 32793/65536),
 ([0, 3, 3, 104], [0, 1, 1, 1], [1, 1, 1], [1, 1, 0], 8185/16384),
 ([3, 39, 46, 182], [0, 2, 2, 2], [1, 1, 1], [0, 1, 1], 8199/16384),
 ([3, 26, 49, 85], [0, 1, 1, 1], [1, 1, 1], [0, 0, 1], 8185/16384),
 ([10, 16, 20, 88], [0, 1, 1, 1], [1, 1, 1], [1, 0, 0], 32797/65536),
 ([0, 7, 68, 88], [0, 1, 1, 1], [1, 1, 1], [0, 0, 1], 16399/32768),
 ([3, 7, 13, 198], [0, 2, 2, 2], [1, 1, 1], [1, 1, 0], 16369/32768),
 ([10, 29, 124, 127], [0, 2, 2], [1, 1, 0], [1, 1, 0], 32799/65536),
 ([7, 10, 46, 78], [0, 1, 1, 1], [1, 1, 1], [0, 0, 0], 32799/65536),
 ([0, 3, 23, 341], [0, 3], [0, 1, 0], [1, 1, 1], 1025/2048),
 ([0, 3, 13, 153], [0, 1], [0, 1, 0], [1, 1, 1], 1025/2048),
 ([0, 3, 85, 208], [0, 2], [1, 0, 0], [1, 0, 0], 1025/2048),
 ([7, 16, 62, 65], [0, 1, 1, 1], [1, 1, 1], [0, 0, 0], 1023/2048),
 ([3, 7, 36, 78], [0, 1, 1, 1], [1, 1, 1], [1, 1, 0], 32733/65536),
 ([7, 23, 85, 153], [0, 2, 2, 2], [1, 1, 1], [0, 1, 0], 32733/65536),
 ([0, 0, 33, 107], [0, 1, 1, 1], [1, 1, 1], [1, 1, 1], 32731/65536),
 ([0, 0, 20, 107], [0, 1, 1, 1], [1, 1, 1], [1, 1, 1], 32731/65536),
 ([7, 23, 39, 91], [0, 1, 1], [0, 1, 1], [1, 1, 1], 32805/65536),
 ([3, 7, 46, 65], [0, 1, 1, 1], [1, 1, 1], [1, 0, 0], 32731/65536),
 ([0, 39, 114, 169], [0, 2, 2, 2], [1, 1, 1], [1, 1, 1], 32805/65536),
 ([3, 13, 33, 289], [0, 3, 3, 3], [1, 1, 1], [1, 0, 1], 32809/65536),
 ([7, 7, 7, 104], [0, 1, 1, 1], [1, 1, 1], [1, 1, 0], 16363/32768),
 ([23, 29, 42, 169], [0, 2, 2, 2], [1, 1, 1], [1, 1, 0], 8203/16384),
 ([16, 29, 52, 65], [0, 1, 1, 1], [1, 1, 1], [1, 0, 1], 8181/16384),
 ([36, 39, 59, 189], [0, 2, 2, 3], [1, 1, 1], [0, 0, 1], 8203/16384),
 ([13, 13, 68, 130], [0, 1, 2, 2], [1, 1, 1], [0, 1, 1], 16407/32768),
 ([3, 10, 23, 101], [0, 1], [0, 1, 0], [1, 0, 0], 16407/32768),
 ([42, 52, 72, 91], [0, 1, 2, 2], [1, 1, 1], [0, 1, 0], 32721/65536),
 ([3, 7, 16, 234], [1, 1], [0, 1, 0], [0, 1, 1], 2051/4096),
 ([10, 49, 52, 52], [0, 1, 1, 1], [1, 1, 1], [1, 0, 0], 16359/32768),
 ([3, 3, 117, 250], [1, 1, 3, 3], [1, 1, 1], [1, 0, 0], 16359/32768),
 ([7, 16, 75, 91], [0, 1, 1], [1, 1, 0], [0, 1, 0], 16411/32768),
 ([7, 20, 68, 114], [0, 1, 2, 2], [1, 1, 1], [0, 1, 0], 32713/65536),
 ([0, 10, 88, 182], [0, 2, 2, 2], [1, 1, 1], [1, 1, 1], 32825/65536),
 ([10, 29, 46, 75], [0, 1, 1, 1], [1, 1, 1], [1, 0, 1], 32711/65536),
 ([10, 16, 49, 72], [0, 1, 1, 1], [1, 1, 1], [1, 0, 1], 8207/16384),
 ([0, 23, 159, 172], [0, 2, 2, 3], [1, 1, 1], [0, 0, 0], 32707/65536),
 ([3, 26, 52, 111], [0, 1], [0, 0, 1], [0, 0, 1], 16353/32768),
 ([10, 23, 49, 91], [0, 1, 1], [1, 1, 0], [0, 0, 1], 16415/32768),
 ([0, 7, 29, 195], [0, 2, 2, 2], [1, 1, 1], [1, 0, 1], 32705/65536),
 ([0, 7, 36, 88], [0, 1, 1, 1], [1, 1, 1], [1, 0, 1], 32705/65536),
 ([0, 10, 29, 94], [0, 1, 1, 1], [1, 1, 1], [1, 0, 1], 32705/65536),
 ([20, 65, 104, 107], [0, 2, 2, 2], [1, 1, 1], [1, 1, 0], 513/1024),
 ([42, 75, 78, 137], [0, 2, 3, 3], [1, 1, 1], [1, 1, 1], 511/1024),
 ([29, 49, 55, 159], [0, 2, 2, 2], [1, 1, 1], [1, 0, 1], 32703/65536),
 ([16, 42, 49, 72], [0, 1, 1, 1], [1, 1, 1], [0, 0, 1], 32701/65536),
 ([20, 23, 68, 114], [0, 1, 2, 2], [1, 1, 1], [0, 0, 1], 32699/65536),
 ([26, 55, 68, 169], [0, 2, 2, 2], [1, 1, 1], [0, 1, 1], 16419/32768),
 ([3, 10, 20, 88], [0, 1, 1, 1], [1, 1, 1], [1, 1, 1], 32697/65536),
 ([26, 39, 46, 55], [0, 1, 1, 1], [1, 1, 1], [1, 0, 1], 32695/65536),
 ([10, 13, 98, 231], [0, 3, 3, 3], [1, 1, 1], [1, 0, 0], 32693/65536),
 ([7, 42, 59, 72], [0, 1, 1], [0, 1, 1], [1, 1, 1], 32843/65536),
 ([0, 0, 114, 296], [0, 2, 3, 3], [1, 1, 1], [1, 1, 0], 32845/65536),
 ([13, 20, 42, 192], [0, 2], [0, 0, 1], [0, 1, 0], 32691/65536),
 ([10, 33, 55, 81], [0, 1, 1], [0, 1, 1], [0, 0, 1], 32847/65536),
 ([0, 0, 16, 143], [0, 1, 1], [1, 1, 0], [0, 1, 1], 16343/32768),
 ([0, 0, 13, 351], [0, 3, 3], [1, 1, 0], [0, 0, 0], 16343/32768),
 ([3, 16, 98, 237], [0, 3, 3, 3], [1, 1, 1], [1, 0, 0], 16343/32768),
 ([0, 0, 20, 299], [0, 2, 2, 3], [1, 1, 1], [0, 0, 0], 16343/32768),
 ([0, 0, 49, 270], [0, 2, 2, 3], [1, 1, 1], [0, 1, 1], 16343/32768),
 ([0, 0, 3, 228], [0, 2, 2], [1, 1, 0], [1, 1, 1], 16343/32768),
 ([16, 52, 88, 146], [0, 2, 2, 2], [1, 1, 1], [1, 0, 1], 32685/65536),
 ([0, 7, 85, 104], [0, 1, 1, 1], [1, 1, 1], [0, 0, 1], 8213/16384),
 ([23, 26, 39, 88], [0, 1, 1], [0, 1, 1], [0, 1, 1], 16427/32768),
 ([7, 20, 29, 85], [0, 1, 1, 1], [1, 1, 1], [0, 1, 1], 4085/8192),
 ([7, 16, 52, 72], [0, 1, 1, 1], [1, 1, 1], [1, 0, 1], 4107/8192),
 ([20, 29, 46, 68], [0, 1, 1, 1], [1, 1, 1], [0, 0, 0], 32857/65536),
 ([0, 10, 75, 81], [0, 1, 1, 1], [1, 1, 1], [0, 0, 1], 32675/65536),
 ([0, 29, 94, 189], [0, 2, 2, 2], [1, 1, 1], [0, 0, 0], 32861/65536),
 ([10, 33, 55, 215], [0, 2, 3, 3], [1, 1, 1], [0, 1, 0], 32673/65536),
 ([3, 20, 46, 65], [0, 1, 1, 1], [1, 1, 1], [1, 0, 0], 1021/2048),
 ([0, 33, 111, 179], [0, 2, 3, 3], [1, 1, 1], [1, 0, 1], 1021/2048),
 ([7, 10, 33, 185], [0, 2, 2, 2], [1, 1, 1], [1, 0, 1], 8217/16384),
 ([3, 88, 120, 124], [0, 2, 2, 3], [1, 1, 1], [0, 1, 0], 32869/65536),
 ([7, 26, 88, 150], [0, 2, 2, 2], [1, 1, 1], [1, 1, 1], 32665/65536),
 ([3, 33, 91, 117], [0, 1, 2, 2], [1, 1, 1], [0, 0, 1], 32665/65536),
 ([42, 68, 72, 195], [0, 2, 3, 3], [1, 1, 1], [0, 1, 0], 4083/8192),
 ([7, 33, 49, 68], [0, 1, 1, 1], [1, 1, 1], [0, 0, 0], 4109/8192),
 ([26, 36, 75, 107], [0, 1, 2], [1, 0, 1], [0, 0, 1], 32873/65536),
 ([10, 33, 36, 81], [0, 1, 1, 1], [1, 1, 1], [0, 1, 1], 16331/32768),
 ([16, 39, 98, 137], [0, 2, 2, 2], [1, 1, 1], [1, 1, 0], 32661/65536),
 ([0, 46, 55, 101], [0, 1], [1, 0, 0], [1, 1, 0], 8165/16384),
 ([3, 13, 62, 65], [0, 1, 1, 1], [1, 1, 1], [1, 1, 0], 16329/32768),
 ([3, 33, 33, 98], [0, 1, 1, 1], [1, 1, 1], [0, 0, 1], 32657/65536),
 ([7, 10, 88, 156], [0, 2, 2, 2], [1, 1, 1], [1, 0, 1], 32657/65536),
 ([16, 20, 85, 166], [0, 2, 2, 2], [1, 1, 1], [0, 1, 1], 32657/65536),
 ([3, 26, 146, 192], [0, 3, 3, 3], [1, 1, 1], [1, 1, 0], 32657/65536),
 ([0, 16, 55, 143], [0, 1, 2, 2], [1, 1, 1], [0, 0, 0], 32881/65536),
 ([20, 33, 55, 78], [0, 1, 1, 1], [1, 1, 1], [0, 0, 1], 32881/65536),
 ([7, 46, 72, 244], [0, 3, 3, 3], [1, 1, 1], [1, 1, 0], 16327/32768),
 ([3, 75, 85, 130], [0, 2, 2, 2], [1, 1, 1], [0, 0, 0], 8221/16384),
 ([3, 13, 75, 273], [0, 3, 3, 3], [1, 1, 1], [0, 0, 0], 32651/65536),
 ([3, 13, 130, 140], [0, 2, 2], [0, 1, 1], [1, 1, 0], 4111/8192),
 ([10, 29, 29, 101], [0, 1], [0, 0, 1], [1, 0, 0], 32647/65536),
 ([33, 42, 101, 133], [0, 2, 2, 2], [1, 1, 1], [0, 0, 0], 32647/65536),
 ([3, 49, 62, 75], [0, 1, 1], [1, 1, 0], [0, 0, 1], 32889/65536),
 ([0, 7, 65, 78], [0, 1, 1], [1, 0, 1], [1, 1, 1], 32647/65536),
 ([3, 7, 91, 244], [0, 3, 3, 3], [1, 1, 1], [1, 1, 0], 32645/65536),
 ([3, 39, 111, 146], [0, 2, 2, 2], [1, 1, 1], [0, 0, 0], 32891/65536),
 ([10, 26, 42, 75], [0, 1, 1, 1], [1, 1, 1], [0, 1, 0], 32893/65536),
 ([13, 16, 42, 78], [0, 1, 1, 1], [1, 1, 1], [0, 1, 0], 32893/65536),
 ([0, 7, 49, 81], [0, 1, 1], [1, 0, 1], [1, 0, 0], 32895/65536),
 ([0, 7, 98, 182], [0, 2, 2, 2], [1, 1, 1], [0, 0, 0], 32895/65536),
 ([0, 10, 91, 166], [0, 2, 2], [1, 0, 1], [1, 1, 0], 32895/65536),
 ([10, 55, 65, 117], [0, 1, 2, 2], [1, 1, 1], [0, 0, 1], 255/512),
 ([13, 20, 39, 91], [0, 1, 1, 1], [1, 1, 1], [0, 0, 1], 32899/65536),
 ([3, 59, 62, 65], [0, 1, 1, 1], [1, 1, 1], [0, 0, 0], 8159/16384),
 ([0, 7, 33, 98], [0, 1, 1, 1], [1, 1, 1], [0, 1, 0], 4079/8192),
 ([42, 62, 94, 111], [0, 2, 2, 2], [1, 1, 1], [1, 1, 0], 4113/8192),
 ([3, 23, 26, 101], [0, 1, 1, 1], [1, 1, 1], [0, 0, 1], 32909/65536),
 ([0, 10, 42, 319], [0, 3], [0, 0, 1], [1, 0, 0], 16455/32768),
 ([7, 39, 78, 153], [0, 2, 2, 2], [1, 1, 1], [1, 0, 1], 32625/65536),
 ([3, 42, 88, 124], [0, 2, 2, 2], [1, 1, 1], [1, 0, 0], 2039/4096),
 ([26, 29, 85, 104], [0, 1, 2, 2], [1, 1, 1], [0, 0, 1], 32623/65536),
 ([16, 20, 20, 114], [0, 1], [1, 0, 0], [0, 0, 0], 32913/65536),
 ([0, 3, 85, 91], [0, 1, 1, 1], [1, 1, 1], [0, 0, 1], 16311/32768),
 ([36, 49, 52, 52], [0, 1, 1, 1], [1, 1, 1], [1, 0, 1], 32619/65536),
 ([20, 39, 68, 111], [0, 1, 2, 2], [1, 1, 1], [0, 1, 1], 4115/8192),
 ([0, 36, 42, 98], [0, 1, 1, 1], [1, 1, 1], [0, 1, 1], 4077/8192),
 ([16, 46, 65, 215], [0, 2, 3, 3], [1, 1, 1], [0, 0, 0], 32615/65536),
 ([0, 36, 52, 143], [0, 1], [0, 0, 1], [1, 0, 1], 32921/65536),
 ([0, 10, 91, 208], [0, 2, 2, 2], [1, 1, 1], [0, 0, 0], 32925/65536),
 ([29, 46, 85, 98], [0, 1, 2], [1, 0, 1], [0, 1, 1], 32611/65536),
 ([0, 3, 20, 208], [0, 2, 2, 2], [1, 1, 1], [0, 0, 0], 32925/65536),
 ([0, 13, 133, 146], [0, 2, 2, 2], [1, 1, 1], [1, 1, 0], 32925/65536),
 ([3, 36, 62, 208], [1, 1, 1, 2], [1, 1, 1], [1, 0, 1], 32929/65536),
 ([10, 46, 107, 124], [0, 1], [1, 0, 0], [0, 0, 1], 32929/65536),
 ([16, 75, 78, 205], [0, 2, 3, 3], [1, 1, 1], [0, 1, 0], 16303/32768),
 ([7, 13, 117, 156], [0, 2], [0, 1, 0], [1, 0, 1], 16303/32768),
 ([3, 7, 10, 107], [0, 1], [1, 0, 0], [0, 0, 1], 32605/65536),
 ([3, 36, 78, 120], [0, 1], [0, 0, 1], [0, 0, 1], 8151/16384),
 ([0, 20, 23, 98], [0, 1, 1, 1], [1, 1, 1], [0, 0, 0], 32603/65536),
 ([0, 20, 23, 101], [0, 1, 1, 1], [1, 1, 1], [0, 0, 0], 32603/65536),
 ([0, 7, 55, 94], [0, 1, 1, 1], [1, 1, 1], [0, 0, 0], 32939/65536),
 ([0, 7, 46, 91], [0, 1, 1, 1], [1, 1, 1], [0, 0, 0], 32939/65536),
 ([0, 3, 16, 117], [0, 1], [1, 0, 0], [0, 1, 1], 8235/16384),
 ([0, 3, 81, 179], [0, 2, 2, 2], [1, 1, 1], [0, 0, 0], 32595/65536),
 ([13, 81, 104, 120], [0, 2, 2, 3], [1, 1, 1], [1, 0, 0], 32941/65536),
 ([10, 81, 101, 107], [0, 1], [1, 0, 0], [0, 0, 0], 32595/65536),
 ([3, 7, 39, 289], [0, 3, 3, 3], [1, 1, 1], [0, 1, 0], 16297/32768),
 ([7, 20, 107, 111], [0, 2, 2, 2], [1, 1, 1], [1, 1, 0], 16297/32768),
 ([13, 52, 65, 159], [0, 2, 2, 2], [1, 1, 1], [1, 0, 0], 32943/65536),
 ([20, 36, 39, 62], [0, 1, 1, 1], [1, 1, 1], [1, 1, 0], 16473/32768),
 ([0, 3, 85, 120], [0, 1], [0, 1, 0], [0, 1, 1], 16473/32768),
 ([13, 33, 39, 75], [0, 1, 1, 1], [1, 1, 1], [0, 0, 0], 16473/32768),
 ([29, 39, 88, 140], [0, 2, 2, 2], [1, 1, 1], [0, 0, 0], 32589/65536),
 ([3, 39, 68, 156], [0, 2, 2, 2], [1, 1, 1], [0, 0, 0], 32589/65536),
 ([0, 26, 59, 195], [0, 2, 2, 2], [1, 1, 1], [0, 1, 0], 8147/16384),
 ([0, 20, 62, 65], [0, 1, 1, 1], [1, 1, 1], [1, 0, 0], 32949/65536),
 ([0, 23, 85, 104], [0, 1], [0, 1, 0], [1, 0, 0], 32949/65536),
 ([23, 42, 143, 143], [0, 2, 3, 3], [1, 1, 1], [1, 1, 1], 32949/65536),
 ([10, 36, 42, 68], [0, 1, 1, 1], [1, 1, 1], [0, 1, 0], 16293/32768),
 ([20, 29, 42, 68], [0, 1, 1, 1], [1, 1, 1], [0, 0, 0], 4073/8192),
 ([7, 55, 85, 185], [0, 2, 2, 3], [1, 1, 1], [0, 1, 1], 16477/32768),
 ([0, 3, 3, 120], [0, 1, 1], [1, 1, 0], [0, 1, 0], 8239/16384),
 ([3, 29, 36, 78], [0, 1, 1, 1], [1, 1, 1], [1, 0, 1], 32957/65536),
 ([7, 20, 59, 81], [0, 1, 1, 1], [1, 1, 1], [0, 1, 1], 32957/65536),
 ([0, 36, 62, 75], [0, 1, 1, 1], [1, 1, 1], [0, 0, 0], 16479/32768),
 ([10, 33, 68, 153], [0, 2, 2, 2], [1, 1, 1], [1, 1, 0], 515/1024),
 ([7, 13, 36, 78], [0, 1, 1, 1], [1, 1, 1], [1, 1, 0], 32961/65536),
 ([16, 16, 55, 234], [0, 2, 3, 3], [1, 1, 1], [0, 0, 1], 8241/16384),
 ([10, 20, 107, 163], [0, 2, 2], [1, 1, 0], [0, 1, 1], 16283/32768),
 ([0, 33, 46, 101], [0, 1, 1], [0, 1, 1], [1, 1, 1], 32565/65536),
 ([3, 23, 42, 88], [0, 1, 1, 1], [1, 1, 1], [0, 1, 1], 32565/65536),
 ([3, 7, 20, 198], [0, 2, 2, 2], [1, 1, 1], [0, 0, 1], 32565/65536),
 ([0, 7, 94, 208], [0, 2, 2, 2], [1, 1, 1], [0, 1, 1], 32565/65536),
 ([3, 29, 42, 81], [0, 1, 1, 1], [1, 1, 1], [0, 1, 1], 8141/16384),
 ([0, 33, 42, 143], [0, 1, 2, 2], [1, 1, 1], [0, 1, 1], 8243/16384),
 ([3, 20, 26, 88], [0, 1, 1], [0, 1, 1], [1, 1, 0], 32973/65536),
 ([26, 33, 68, 257], [0, 3, 3, 3], [1, 1, 1], [0, 1, 1], 32561/65536),
 ([0, 36, 104, 156], [0, 2, 2, 2], [1, 1, 1], [1, 1, 0], 32561/65536),
 ([10, 39, 42, 72], [0, 1, 1, 1], [1, 1, 1], [0, 0, 0], 2061/4096),
 ([3, 13, 29, 85], [0, 1, 1, 1], [1, 1, 1], [0, 1, 1], 2035/4096),
 ([13, 16, 163, 169], [0, 2, 3, 3], [1, 1, 1], [0, 1, 1], 32557/65536),
 ([13, 46, 55, 59], [0, 1], [0, 0, 1], [1, 0, 0], 8139/16384),
 ([13, 20, 55, 169], [0, 2, 2, 2], [1, 1, 1], [0, 1, 0], 32555/65536),
 ([3, 10, 26, 85], [0, 1, 1, 1], [1, 1, 1], [0, 1, 0], 32555/65536),
 ([10, 20, 88, 296], [1, 1, 2, 3], [1, 1, 1], [0, 1, 0], 32981/65536),
 ([0, 29, 49, 81], [0, 1, 1, 1], [1, 1, 1], [1, 1, 1], 32555/65536),
 ([3, 10, 13, 98], [0, 1, 1, 1], [1, 1, 1], [0, 1, 0], 32981/65536),
 ([10, 13, 78, 169], [0, 2], [0, 1, 0], [0, 1, 1], 16277/32768),
 ([23, 33, 65, 283], [0, 3, 3, 3], [1, 1, 1], [0, 1, 1], 32985/65536),
 ([3, 29, 130, 221], [0, 3, 3], [0, 1, 1], [1, 0, 0], 32551/65536),
 ([10, 23, 29, 85], [0, 1, 1], [1, 0, 1], [0, 0, 0], 32551/65536),
 ([7, 13, 127, 202], [0, 2, 3, 3], [1, 1, 1], [0, 0, 0], 16275/32768),
 ([10, 29, 42, 283], [0, 3, 3, 3], [1, 1, 1], [0, 0, 0], 32549/65536),
 ([0, 3, 159, 202], [0, 2, 2], [1, 0, 1], [0, 0, 0], 8247/16384),
 ([7, 39, 52, 88], [0, 1, 1, 1], [1, 1, 1], [0, 0, 1], 32989/65536),
 ([0, 0, 39, 124], [0, 1, 1], [0, 1, 1], [0, 1, 0], 16495/32768),
 ([0, 0, 3, 107], [0, 1, 1], [0, 1, 1], [0, 1, 0], 16495/32768),
 ([16, 94, 111, 114], [0, 2, 3, 3], [1, 1, 1], [1, 1, 0], 32991/65536),
 ([7, 29, 98, 114], [0, 2, 2, 2], [1, 1, 1], [1, 1, 0], 1017/2048),
 ([0, 23, 94, 98], [0, 1], [0, 1, 0], [1, 0, 0], 32993/65536),
 ([0, 33, 39, 85], [0, 1, 1, 1], [1, 1, 1], [0, 1, 0], 32541/65536),
 ([3, 26, 46, 65], [0, 1, 1, 1], [1, 1, 1], [0, 1, 0], 32541/65536),
 ([3, 10, 120, 218], [0, 3, 3, 3], [1, 1, 1], [1, 0, 1], 32541/65536),
 ([3, 3, 26, 101], [0, 1, 1, 1], [1, 1, 1], [0, 1, 1], 32541/65536),
 ([0, 55, 91, 143], [0, 1, 2, 2], [1, 1, 1], [0, 1, 0], 8249/16384),
 ([0, 0, 13, 114], [0, 1, 1], [1, 1, 0], [1, 1, 0], 8135/16384),
 ([39, 59, 59, 68], [0, 1, 1, 1], [1, 1, 1], [0, 0, 1], 32539/65536),
 ([7, 20, 42, 94], [0, 1, 1, 1], [1, 1, 1], [0, 1, 1], 32997/65536),
 ([20, 68, 98, 111], [0, 2, 2, 2], [1, 1, 1], [1, 1, 1], 16267/32768),
 ([0, 20, 39, 101], [0, 1, 1, 1], [1, 1, 1], [0, 0, 0], 33005/65536),
 ([13, 20, 59, 65], [0, 1, 1, 1], [1, 1, 1], [0, 1, 1], 32529/65536),
 ([0, 29, 33, 81], [0, 1, 1, 1], [1, 1, 1], [1, 1, 0], 2033/4096),
 ([0, 26, 29, 85], [0, 1, 1, 1], [1, 1, 1], [1, 1, 0], 2033/4096),
 ([23, 29, 78, 153], [0, 2, 2, 2], [1, 1, 1], [0, 0, 0], 2033/4096),
 ([0, 13, 75, 75], [0, 1, 1, 1], [1, 1, 1], [0, 1, 0], 32527/65536),
 ([7, 26, 59, 156], [0, 2, 2, 2], [1, 1, 1], [1, 0, 0], 32525/65536),
 ([0, 3, 65, 72], [0, 1, 1, 1], [1, 1, 1], [1, 1, 1], 32525/65536),
 ([26, 42, 46, 62], [0, 1, 1], [1, 0, 1], [0, 0, 0], 32525/65536),
 ([16, 29, 39, 75], [0, 1, 1], [1, 1, 0], [1, 1, 0], 8253/16384),
 ([10, 20, 49, 78], [0, 1, 1, 1], [1, 1, 1], [1, 0, 1], 16507/32768),
 ([0, 10, 26, 231], [1, 1, 2, 2], [1, 1, 1], [0, 1, 0], 33015/65536),
 ([3, 3, 39, 88], [0, 1, 1, 1], [1, 1, 1], [0, 0, 0], 33015/65536),
 ([10, 29, 49, 55], [0, 1, 1, 1], [1, 1, 1], [1, 1, 0], 4065/8192),
 ([13, 29, 62, 159], [0, 2, 2, 2], [1, 1, 1], [0, 0, 0], 32519/65536),
 ([0, 23, 78, 182], [0, 2, 2, 2], [1, 1, 1], [1, 1, 1], 33017/65536),
 ([7, 33, 52, 159], [0, 2, 2, 2], [1, 1, 1], [1, 1, 1], 32517/65536),
 ([3, 52, 98, 133], [0, 2, 2, 2], [1, 1, 1], [0, 0, 0], 8129/16384),
 ([23, 26, 98, 107], [0, 1, 2, 2], [1, 1, 1], [0, 1, 1], 129/256),
 ([7, 42, 150, 189], [0, 3, 3, 3], [1, 1, 1], [1, 0, 1], 32511/65536),
 ([7, 23, 72, 244], [0, 3, 3, 3], [1, 1, 1], [1, 1, 0], 16255/32768),
 ([20, 55, 104, 130], [0, 2, 2], [1, 0, 1], [1, 0, 0], 8257/16384),
 ([3, 52, 101, 114], [0, 2, 2, 2], [1, 1, 1], [0, 1, 0], 32505/65536),
 ([0, 0, 55, 127], [0, 1, 1, 1], [1, 1, 1], [0, 0, 0], 33031/65536),
 ([7, 33, 49, 65], [0, 1], [0, 0, 1], [1, 1, 0], 4063/8192),
 ([0, 20, 29, 189], [0, 2, 2, 2], [1, 1, 1], [1, 1, 0], 4063/8192),
 ([0, 26, 33, 101], [0, 1, 1], [0, 1, 1], [1, 1, 1], 32501/65536),
 ([3, 20, 78, 143], [0, 2, 2, 2], [1, 1, 1], [1, 0, 1], 32501/65536),
 ([16, 23, 33, 78], [0, 1, 1, 1], [1, 1, 1], [1, 1, 1], 33037/65536),
 ([0, 42, 46, 88], [0, 1, 1, 1], [1, 1, 1], [1, 0, 1], 16519/32768),
 ([3, 33, 75, 244], [0, 3, 3, 3], [1, 1, 1], [1, 0, 1], 32497/65536),
 ([0, 7, 13, 104], [0, 1, 1, 1], [1, 1, 1], [0, 0, 0], 33045/65536),
 ([3, 42, 59, 153], [0, 2, 2, 2], [1, 1, 1], [0, 1, 0], 32491/65536),
 ([3, 16, 39, 85], [0, 1, 1, 1], [1, 1, 1], [0, 0, 1], 16245/32768),
 ([3, 7, 29, 88], [0, 1, 1, 1], [1, 1, 1], [1, 0, 1], 33049/65536),
 ([0, 3, 13, 205], [0, 2, 2], [1, 1, 0], [1, 0, 1], 16525/32768),
 ([0, 16, 75, 85], [0, 1, 1], [1, 1, 0], [0, 0, 0], 32483/65536),
 ([26, 29, 72, 140], [0, 2, 2], [1, 0, 1], [1, 0, 0], 16241/32768),
 ([7, 20, 55, 65], [0, 1, 1, 1], [1, 1, 1], [1, 0, 0], 33055/65536),
 ([7, 55, 81, 124], [0, 1, 2, 2], [1, 1, 1], [0, 0, 0], 16529/32768),
 ([3, 23, 72, 150], [0, 2, 2, 2], [1, 1, 1], [0, 0, 0], 32477/65536),
 ([3, 55, 91, 146], [0, 1, 2, 2], [1, 1, 1], [0, 0, 1], 33059/65536),
 ([33, 46, 62, 91], [0, 1], [1, 0, 0], [0, 1, 0], 32475/65536),
 ([3, 16, 91, 133], [0, 2, 2, 2], [1, 1, 1], [1, 1, 1], 32475/65536),
 ([7, 39, 42, 270], [0, 3, 3, 3], [1, 1, 1], [0, 1, 0], 32473/65536),
 ([16, 26, 104, 156], [0, 2, 2, 2], [1, 1, 1], [1, 0, 1], 33065/65536),
 ([23, 26, 55, 72], [0, 1, 1, 1], [1, 1, 1], [0, 0, 0], 33065/65536),
 ([10, 49, 101, 114], [0, 2, 2, 2], [1, 1, 1], [0, 1, 0], 32471/65536),
 ([0, 29, 124, 257], [0, 3, 3, 3], [1, 1, 1], [0, 1, 0], 16235/32768),
 ([0, 7, 88, 192], [0, 2, 2, 2], [1, 1, 1], [0, 1, 0], 16235/32768),
 ([7, 20, 133, 198], [0, 3, 3], [0, 1, 1], [1, 0, 0], 16235/32768),
 ([3, 10, 133, 208], [0, 3, 3, 3], [1, 1, 1], [0, 1, 0], 16235/32768),
 ([3, 52, 68, 72], [0, 1, 1, 1], [1, 1, 1], [0, 1, 1], 33067/65536),
 ([13, 65, 111, 208], [0, 3, 3, 3], [1, 1, 1], [0, 1, 0], 32469/65536),
 ([20, 23, 29, 81], [0, 1, 1, 1], [1, 1, 1], [0, 0, 1], 32469/65536),
 ([3, 10, 36, 94], [0, 1, 1, 1], [1, 1, 1], [0, 1, 1], 33069/65536),
 ([0, 55, 59, 68], [0, 1, 1, 1], [1, 1, 1], [0, 1, 0], 33075/65536),
 ([0, 23, 46, 91], [0, 1, 1, 1], [1, 1, 1], [1, 0, 1], 32461/65536),
 ([0, 16, 49, 88], [0, 1, 1, 1], [1, 1, 1], [1, 0, 1], 33077/65536),
 ([0, 20, 72, 289], [0, 3, 3, 3], [1, 1, 1], [1, 1, 1], 33081/65536),
 ([3, 20, 159, 172], [0, 3, 3, 3], [1, 1, 1], [0, 1, 0], 16227/32768),
 ([13, 42, 163, 189], [0, 3, 3, 3], [1, 1, 1], [0, 1, 0], 16227/32768),
 ([3, 23, 42, 91], [0, 1], [0, 0, 1], [0, 0, 0], 16541/32768),
 ([3, 10, 49, 62], [0, 1, 1, 1], [1, 1, 1], [1, 0, 0], 32453/65536),
 ([7, 13, 117, 127], [0, 2, 2, 2], [1, 1, 1], [0, 1, 0], 8113/16384),
 ([3, 39, 68, 257], [0, 3, 3, 3], [1, 1, 1], [0, 1, 0], 32451/65536),
 ([10, 29, 91, 172], [0, 2, 2], [1, 1, 0], [0, 0, 0], 16223/32768),
 ([39, 81, 85, 166], [0, 2, 3, 3], [1, 1, 1], [1, 1, 1], 33093/65536),
 ([10, 75, 107, 195], [0, 2, 3, 3], [1, 1, 1], [0, 1, 0], 32443/65536),
 ([16, 20, 46, 78], [0, 1, 1], [1, 1, 0], [0, 1, 0], 32443/65536),
 ([33, 55, 68, 91], [0, 1, 2, 2], [1, 1, 1], [0, 1, 1], 16221/32768),
 ([10, 10, 10, 101], [0, 1, 1, 1], [1, 1, 1], [0, 1, 1], 32441/65536),
 ([3, 20, 94, 228], [0, 3, 3, 3], [1, 1, 1], [1, 1, 1], 32441/65536),
 ([3, 33, 85, 133], [0, 2, 2, 2], [1, 1, 1], [1, 0, 1], 32441/65536),
 ([13, 36, 55, 65], [0, 1, 1, 1], [1, 1, 1], [1, 0, 1], 33097/65536),
 ([7, 23, 94, 127], [0, 2, 2, 2], [1, 1, 1], [1, 1, 1], 32437/65536),
 ([0, 52, 124, 192], [0, 2, 2, 2], [1, 1, 1], [0, 0, 1], 8109/16384),
 ([0, 65, 111, 172], [0, 2, 3, 3], [1, 1, 1], [1, 0, 1], 8109/16384),
 ([13, 59, 68, 137], [0, 2, 2, 2], [1, 1, 1], [1, 0, 1], 32435/65536),
 ([7, 39, 49, 65], [0, 1, 1, 1], [1, 1, 1], [0, 0, 1], 32433/65536),
 ([16, 26, 55, 156], [0, 2, 2, 2], [1, 1, 1], [0, 1, 0], 32433/65536),
 ([0, 16, 20, 104], [0, 1, 1, 1], [1, 1, 1], [0, 0, 1], 2027/4096),
 ([0, 29, 72, 91], [0, 1, 1, 1], [1, 1, 1], [0, 0, 1], 32431/65536),
 ([7, 10, 36, 182], [0, 2, 2, 2], [1, 1, 1], [0, 0, 1], 32431/65536),
 ([20, 46, 91, 127], [0, 2, 2, 2], [1, 1, 1], [0, 0, 0], 16215/32768),
 ([3, 26, 39, 172], [0, 2, 2, 2], [1, 1, 1], [0, 1, 0], 32429/65536),
 ([0, 42, 42, 169], [1, 1, 1, 1], [1, 1, 1], [1, 0, 1], 33107/65536),
 ([13, 16, 29, 88], [0, 1, 1, 1], [1, 1, 1], [1, 1, 0], 33109/65536),
 ([10, 36, 94, 153], [0, 2, 2, 2], [1, 1, 1], [1, 1, 1], 33109/65536),
 ([0, 10, 20, 176], [0, 1], [0, 1, 0], [1, 1, 1], 4139/8192),
 ([26, 42, 85, 140], [0, 2, 2, 2], [1, 1, 1], [0, 1, 1], 4053/8192),
 ([20, 23, 88, 221], [0, 2, 3, 3], [1, 1, 1], [0, 1, 0], 33113/65536),
 ([3, 7, 59, 85], [0, 1, 1, 1], [1, 1, 1], [0, 0, 1], 16557/32768),
 ([7, 42, 42, 68], [0, 1, 1, 1], [1, 1, 1], [1, 1, 1], 16211/32768),
 ([23, 62, 65, 143], [0, 2, 2, 2], [1, 1, 1], [0, 0, 0], 16211/32768),
 ([3, 42, 114, 156], [0, 2, 3], [0, 1, 1], [1, 1, 0], 8105/16384),
 ([0, 20, 46, 159], [0, 1], [1, 0, 0], [0, 1, 1], 8279/16384),
 ([13, 36, 52, 55], [0, 1, 1], [1, 0, 1], [0, 0, 0], 16209/32768),
 ([0, 52, 62, 85], [0, 1], [0, 1, 0], [0, 0, 0], 32417/65536),
 ([7, 10, 39, 68], [0, 1, 1, 1], [1, 1, 1], [1, 0, 0], 32417/65536),
 ([0, 3, 68, 156], [0, 1, 2, 2], [1, 1, 1], [0, 1, 1], 33121/65536),
 ([26, 39, 42, 46], [0, 1, 1, 1], [1, 1, 1], [0, 1, 0], 16207/32768),
 ([3, 29, 49, 55], [0, 1, 1, 1], [1, 1, 1], [1, 0, 0], 8103/16384),
 ([3, 13, 65, 65], [0, 1, 1, 1], [1, 1, 1], [0, 1, 0], 32411/65536),
 ([20, 36, 55, 62], [0, 1], [0, 1, 0], [1, 0, 0], 32411/65536),
 ([42, 52, 120, 124], [0, 2, 2, 2], [1, 1, 1], [0, 1, 0], 16563/32768),
 ([10, 46, 55, 124], [0, 1, 2, 2], [1, 1, 1], [0, 1, 1], 16563/32768),
 ([13, 26, 68, 124], [0, 1], [1, 0, 0], [0, 1, 0], 16563/32768),
 ([7, 52, 62, 130], [0, 2, 2, 2], [1, 1, 1], [1, 0, 0], 32407/65536),
 ([26, 29, 49, 114], [0, 1, 2, 2], [1, 1, 1], [0, 1, 0], 16565/32768),
 ([3, 49, 101, 146], [0, 2, 2, 2], [1, 1, 1], [0, 1, 1], 32405/65536),
 ([7, 23, 78, 153], [0, 2], [0, 0, 1], [1, 0, 0], 32405/65536),
 ([3, 42, 85, 228], [0, 3, 3, 3], [1, 1, 1], [0, 1, 0], 32405/65536),
 ([10, 23, 36, 81], [0, 1], [0, 1, 0], [1, 1, 0], 8101/16384),
 ([13, 78, 101, 104], [0, 2, 2, 2], [1, 1, 1], [0, 1, 0], 32403/65536),
 ([7, 26, 26, 98], [0, 1, 1, 1], [1, 1, 1], [0, 1, 1], 33135/65536),
 ([0, 0, 10, 137], [0, 1, 1], [1, 0, 1], [0, 0, 0], 2071/4096),
 ([0, 0, 7, 150], [0, 1, 1], [0, 1, 1], [0, 1, 0], 2071/4096),
 ([0, 0, 3, 140], [0, 1, 1], [1, 0, 1], [1, 0, 0], 2071/4096),
 ([0, 0, 3, 306], [0, 2, 2], [1, 0, 1], [1, 1, 0], 2071/4096),
 ([10, 39, 52, 88], [0, 1], [0, 1, 0], [0, 1, 1], 33139/65536),
 ([20, 26, 33, 65], [0, 1, 1, 1], [1, 1, 1], [0, 1, 0], 4049/8192),
 ([10, 36, 39, 85], [0, 1], [0, 1, 0], [0, 0, 1], 4049/8192),
 ([0, 7, 59, 195], [0, 2, 2, 2], [1, 1, 1], [1, 1, 1], 33145/65536),
 ([3, 101, 120, 182], [0, 3, 3, 3], [1, 1, 1], [0, 1, 0], 32391/65536),
 ([0, 3, 42, 94], [0, 1, 1, 1], [1, 1, 1], [1, 1, 1], 33145/65536),
 ([0, 3, 13, 101], [0, 1, 1, 1], [1, 1, 1], [1, 1, 1], 33145/65536),
 ([13, 75, 98, 127], [0, 2], [0, 1, 0], [0, 1, 0], 32387/65536),
 ([20, 65, 85, 107], [0, 1, 2, 2], [1, 1, 1], [0, 1, 1], 16193/32768),
 ([3, 13, 91, 224], [0, 2, 3, 3], [1, 1, 1], [0, 1, 1], 16575/32768),
 ([55, 62, 72, 146], [0, 2, 3], [0, 1, 1], [0, 1, 1], 32385/65536),
 ([10, 16, 85, 130], [0, 2, 2, 2], [1, 1, 1], [0, 1, 0], 32385/65536),
 ([0, 3, 65, 88], [0, 1, 1, 1], [1, 1, 1], [0, 1, 1], 32385/65536),
 ([0, 3, 65, 94], [0, 1, 1, 1], [1, 1, 1], [0, 1, 1], 32385/65536),
 ([3, 23, 68, 143], [0, 2, 2, 2], [1, 1, 1], [0, 1, 0], 32385/65536),
 ([7, 13, 117, 198], [0, 3, 3, 3], [1, 1, 1], [1, 1, 1], 32385/65536),
 ([13, 16, 91, 114], [0, 2, 2, 2], [1, 1, 1], [1, 1, 0], 32385/65536),
 ([16, 20, 33, 166], [0, 2, 2, 2], [1, 1, 1], [1, 1, 1], 32383/65536),
 ([29, 33, 59, 75], [0, 1, 1, 1], [1, 1, 1], [0, 0, 1], 33153/65536),
 ([3, 29, 55, 124], [0, 1, 2], [1, 1, 0], [0, 1, 0], 33153/65536),
 ([3, 46, 55, 143], [0, 2, 2, 2], [1, 1, 1], [1, 1, 1], 32383/65536),
 ([3, 20, 68, 231], [0, 2, 3, 3], [1, 1, 1], [0, 1, 1], 16577/32768),
 ([0, 26, 62, 94], [0, 1, 1, 1], [1, 1, 1], [0, 1, 1], 32381/65536),
 ([33, 36, 36, 65], [0, 1, 1, 1], [1, 1, 1], [1, 0, 0], 8095/16384),
 ([7, 39, 88, 117], [0, 2, 2, 2], [1, 1, 1], [1, 0, 0], 8095/16384),
 ([10, 52, 55, 143], [0, 2, 2, 2], [1, 1, 1], [0, 1, 0], 32379/65536),
 ([10, 52, 117, 140], [0, 1, 3, 3], [1, 1, 1], [0, 1, 1], 16579/32768),
 ([10, 46, 75, 130], [0, 2, 2, 2], [1, 1, 1], [0, 1, 0], 32377/65536),
 ([7, 39, 98, 127], [0, 2], [0, 0, 1], [0, 0, 0], 8093/16384),
 ([3, 42, 114, 124], [0, 1, 2, 2], [1, 1, 1], [0, 0, 0], 8291/16384),
 ([10, 13, 42, 81], [0, 1, 1, 1], [1, 1, 1], [1, 1, 1], 33165/65536),
 ([7, 10, 42, 75], [0, 1, 1, 1], [1, 1, 1], [0, 1, 1], 32369/65536),
 ([0, 7, 88, 153], [0, 1, 2, 2], [1, 1, 1], [0, 0, 1], 2073/4096),
 ([16, 52, 55, 137], [0, 2, 2], [0, 1, 1], [1, 1, 0], 32367/65536),
 ([13, 20, 23, 104], [0, 1], [0, 0, 1], [1, 0, 0], 33169/65536),
 ([20, 49, 65, 101], [0, 1, 2], [1, 0, 1], [0, 0, 0], 16183/32768),
 ([7, 29, 59, 143], [0, 2, 2, 2], [1, 1, 1], [1, 1, 0], 16183/32768),
 ([59, 72, 88, 98], [0, 2, 3, 3], [1, 1, 1], [1, 0, 0], 16181/32768),
 ([16, 46, 98, 137], [0, 1], [0, 0, 1], [1, 1, 1], 33175/65536),
 ([13, 16, 52, 85], [0, 1, 1], [1, 0, 1], [0, 1, 0], 4147/8192),
 ([13, 33, 36, 78], [0, 1, 1, 1], [1, 1, 1], [1, 1, 1], 4147/8192),
 ([23, 39, 52, 146], [0, 2, 2, 2], [1, 1, 1], [0, 1, 0], 32359/65536),
 ([16, 20, 46, 65], [0, 1, 1, 1], [1, 1, 1], [0, 1, 1], 16179/32768),
 ([29, 33, 98, 215], [0, 3, 3, 3], [1, 1, 1], [1, 1, 1], 32357/65536),
 ([0, 23, 39, 185], [0, 2, 2, 2], [1, 1, 1], [1, 1, 0], 8089/16384),
 ([23, 52, 111, 133], [0, 1, 3, 3], [1, 1, 1], [0, 1, 0], 8295/16384),
 ([13, 59, 81, 130], [0, 1, 2, 2], [1, 1, 1], [0, 0, 1], 8295/16384),
 ([0, 10, 120, 244], [0, 2, 3, 3], [1, 1, 1], [0, 1, 0], 8089/16384),
 ([0, 0, 75, 94], [0, 1, 1, 1], [1, 1, 1], [1, 0, 0], 16591/32768),
 ([10, 36, 36, 65], [0, 1, 1, 1], [1, 1, 1], [1, 1, 0], 16177/32768),
 ([3, 104, 111, 166], [0, 2], [0, 1, 0], [1, 1, 1], 33183/65536),
 ([10, 13, 16, 107], [0, 1], [0, 1, 0], [0, 1, 1], 33185/65536),
 ([10, 36, 137, 176], [0, 3, 3, 3], [1, 1, 1], [0, 1, 0], 32349/65536),
 ([0, 23, 39, 81], [0, 1, 1, 1], [1, 1, 1], [1, 0, 0], 32349/65536),
 ([10, 16, 16, 88], [0, 1, 1, 1], [1, 1, 1], [1, 1, 1], 32349/65536),
 ([13, 16, 65, 172], [0, 2, 2, 2], [1, 1, 1], [1, 0, 1], 8297/16384),
 ([13, 20, 140, 163], [0, 2, 3, 3], [1, 1, 1], [0, 0, 1], 32347/65536),
 ([7, 23, 78, 140], [0, 2, 2, 2], [1, 1, 1], [0, 1, 0], 32347/65536),
 ([0, 81, 130, 172], [0, 1, 3, 3], [1, 1, 1], [0, 1, 0], 16597/32768),
 ([16, 39, 101, 228], [0, 3, 3], [1, 0, 1], [0, 1, 0], 32341/65536),
 ([0, 42, 91, 159], [0, 1, 2, 2], [1, 1, 1], [0, 0, 0], 33195/65536),
 ([0, 7, 29, 146], [0, 1], [1, 0, 0], [0, 0, 0], 8299/16384),
 ([0, 3, 52, 169], [0, 1], [1, 0, 0], [0, 0, 0], 8299/16384),
 ([0, 3, 23, 146], [0, 1], [1, 0, 0], [0, 0, 0], 8299/16384),
 ([0, 3, 20, 130], [0, 1], [1, 0, 0], [0, 1, 1], 8299/16384),
 ([0, 7, 13, 140], [0, 1], [1, 0, 0], [0, 0, 1], 8299/16384),
 ([0, 13, 29, 166], [0, 1], [1, 0, 0], [0, 0, 0], 8299/16384),
 ([0, 7, 10, 130], [0, 1], [1, 0, 0], [1, 0, 0], 8299/16384),
 ([0, 3, 7, 130], [0, 1], [1, 0, 0], [1, 0, 0], 8299/16384),
 ([0, 10, 13, 312], [0, 3, 3], [1, 0, 1], [0, 1, 0], 16169/32768),
 ([10, 26, 101, 127], [0, 2, 2, 2], [1, 1, 1], [1, 1, 0], 32337/65536),
 ([3, 23, 65, 130], [0, 1, 2], [1, 0, 1], [0, 1, 0], 33201/65536),
 ([23, 26, 33, 62], [0, 1, 1, 1], [1, 1, 1], [1, 1, 1], 8083/16384),
 ([3, 13, 52, 68], [0, 1, 1, 1], [1, 1, 1], [1, 1, 1], 8083/16384),
 ([3, 10, 81, 169], [0, 2, 2], [1, 1, 0], [1, 0, 1], 16603/32768),
 ([7, 13, 33, 182], [0, 2, 2, 2], [1, 1, 1], [0, 0, 1], 32329/65536),
 ([3, 7, 16, 192], [0, 2, 2, 2], [1, 1, 1], [1, 0, 0], 32329/65536),
 ([3, 39, 49, 55], [0, 1, 1, 1], [1, 1, 1], [0, 0, 0], 16163/32768),
 ([3, 3, 55, 81], [0, 1, 1, 1], [1, 1, 1], [0, 0, 1], 16163/32768),
 ([10, 13, 78, 130], [0, 2, 2, 2], [1, 1, 1], [1, 1, 1], 32325/65536),
 ([3, 7, 72, 78], [0, 1, 1, 1], [1, 1, 1], [0, 1, 1], 33211/65536),
 ([7, 26, 72, 72], [0, 1, 1], [1, 1, 0], [0, 0, 0], 32325/65536),
 ([0, 20, 33, 94], [0, 1, 1, 1], [1, 1, 1], [0, 0, 0], 32325/65536),
 ([0, 10, 13, 189], [0, 1, 2, 2], [1, 1, 1], [0, 1, 0], 8303/16384),
 ([20, 23, 65, 140], [0, 2, 2, 2], [1, 1, 1], [1, 0, 0], 32323/65536),
 ([26, 36, 46, 163], [0, 2, 2, 2], [1, 1, 1], [0, 0, 0], 32321/65536),
 ([0, 3, 7, 117], [0, 1], [0, 0, 1], [0, 0, 1], 505/1024),
 ([0, 3, 7, 237], [0, 2], [0, 0, 1], [0, 0, 1], 505/1024),
 ([0, 3, 13, 208], [0, 2, 2, 2], [1, 1, 1], [0, 0, 1], 505/1024),
 ([16, 29, 81, 169], [0, 2, 2, 2], [1, 1, 1], [0, 0, 0], 16609/32768),
 ([0, 29, 55, 127], [0, 1], [0, 1, 0], [1, 0, 1], 16609/32768),
 ([0, 3, 10, 198], [0, 1, 2, 2], [1, 1, 1], [0, 0, 1], 33221/65536),
 ([16, 33, 42, 153], [0, 2, 2, 2], [1, 1, 1], [1, 1, 1], 32315/65536),
 ([13, 36, 101, 107], [0, 2, 2], [1, 1, 0], [1, 1, 1], 16157/32768),
 ([7, 7, 42, 101], [0, 1, 1, 1], [1, 1, 1], [0, 0, 1], 4153/8192),
 ([7, 42, 46, 156], [0, 2, 2, 2], [1, 1, 1], [1, 0, 1], 32311/65536),
 ([0, 16, 49, 81], [0, 1, 1, 1], [1, 1, 1], [1, 1, 0], 33225/65536),
 ([20, 65, 111, 208], [0, 3], [0, 0, 1], [0, 0, 0], 32311/65536),
 ([20, 33, 52, 172], [0, 2, 2, 2], [1, 1, 1], [1, 1, 1], 33227/65536),
 ([7, 23, 33, 182], [0, 2], [0, 0, 1], [0, 0, 1], 32309/65536),
 ([0, 23, 150, 153], [0, 2, 3, 3], [1, 1, 1], [1, 0, 0], 33227/65536),
 ([10, 33, 36, 55], [0, 1, 1, 1], [1, 1, 1], [0, 1, 0], 32307/65536),
 ([3, 20, 65, 163], [0, 2], [0, 1, 0], [0, 1, 1], 16153/32768),
 ([0, 7, 46, 98], [0, 1], [0, 0, 1], [0, 0, 0], 16153/32768),
 ([13, 33, 42, 49], [0, 1, 1, 1], [1, 1, 1], [1, 1, 0], 16153/32768),
 ([55, 78, 81, 120], [0, 2, 2, 3], [1, 1, 1], [0, 1, 1], 32305/65536),
 ([23, 23, 78, 143], [0, 1, 2, 2], [1, 1, 1], [0, 1, 1], 33231/65536),
 ([16, 36, 85, 120], [0, 2, 2, 2], [1, 1, 1], [1, 1, 1], 16151/32768),
 ([20, 20, 29, 88], [0, 1, 1, 1], [1, 1, 1], [0, 0, 0], 16149/32768),
 ([10, 62, 120, 166], [0, 3, 3, 3], [1, 1, 1], [1, 1, 0], 16149/32768),
 ([46, 49, 91, 124], [0, 2, 2, 2], [1, 1, 1], [0, 0, 1], 32297/65536),
 ([7, 39, 81, 143], [0, 2, 2, 2], [1, 1, 1], [0, 1, 1], 4037/8192),
 ([7, 16, 46, 169], [0, 2, 2, 2], [1, 1, 1], [0, 0, 1], 32295/65536),
 ([7, 10, 26, 81], [0, 1, 1, 1], [1, 1, 1], [0, 0, 0], 32295/65536),
 ([0, 16, 78, 176], [0, 2, 2, 2], [1, 1, 1], [0, 1, 0], 16147/32768),
 ([3, 7, 46, 55], [0, 1, 1, 1], [1, 1, 1], [1, 1, 0], 16147/32768),
 ([3, 26, 52, 273], [1, 1, 3, 3], [1, 1, 1], [1, 0, 1], 16621/32768),
 ([16, 20, 49, 159], [0, 2, 2, 2], [1, 1, 1], [0, 1, 0], 32293/65536),
 ([3, 13, 120, 267], [0, 3, 3, 3], [1, 1, 1], [0, 0, 1], 16623/32768),
 ([0, 3, 20, 215], [1, 1, 2, 2], [1, 1, 1], [1, 0, 1], 33247/65536),
 ([7, 13, 42, 59], [0, 1, 1, 1], [1, 1, 1], [0, 1, 0], 32289/65536),
 ([7, 10, 39, 62], [0, 1, 1, 1], [1, 1, 1], [1, 0, 0], 32287/65536),
 ([3, 16, 150, 224], [0, 3, 3, 3], [1, 1, 1], [0, 0, 1], 16143/32768),
 ([0, 13, 46, 81], [0, 1, 1, 1], [1, 1, 1], [1, 0, 0], 16143/32768),
 ([26, 33, 94, 111], [0, 2, 2, 2], [1, 1, 1], [0, 1, 0], 32283/65536),
 ([23, 55, 59, 120], [0, 2, 2, 2], [1, 1, 1], [1, 1, 0], 16141/32768),
 ([0, 29, 33, 192], [0, 2, 2, 2], [1, 1, 1], [0, 1, 0], 32281/65536),
 ([7, 29, 88, 104], [0, 1], [1, 0, 0], [0, 1, 0], 32281/65536),
 ([3, 10, 36, 176], [0, 2, 2, 2], [1, 1, 1], [0, 0, 1], 32281/65536),
 ([0, 3, 46, 88], [0, 1, 1], [1, 0, 1], [0, 1, 0], 4035/8192),
 ([7, 36, 107, 205], [0, 2, 3, 3], [1, 1, 1], [0, 1, 1], 4035/8192),
 ([0, 7, 68, 146], [0, 1, 2, 2], [1, 1, 1], [0, 1, 0], 33257/65536),
 ([3, 10, 159, 166], [0, 3, 3, 3], [1, 1, 1], [1, 0, 1], 32277/65536),
 ([7, 39, 85, 140], [0, 1, 2, 2], [1, 1, 1], [0, 0, 1], 33259/65536),
 ([3, 85, 94, 117], [0, 2, 2], [0, 1, 1], [1, 0, 1], 32277/65536),
 ([10, 20, 52, 75], [0, 1, 1, 1], [1, 1, 1], [1, 1, 1], 8315/16384),
 ([3, 26, 59, 143], [0, 2, 2, 2], [1, 1, 1], [1, 1, 1], 32275/65536),
 ([0, 36, 42, 107], [0, 1, 1, 1], [1, 1, 1], [0, 1, 1], 33261/65536),
 ([13, 75, 104, 172], [0, 2, 2], [0, 1, 1], [0, 1, 1], 16631/32768),
 ([3, 20, 23, 91], [0, 1, 1, 1], [1, 1, 1], [1, 1, 0], 16631/32768),
 ([16, 36, 39, 59], [0, 1, 1, 1], [1, 1, 1], [1, 0, 1], 2017/4096),
 ([7, 10, 42, 65], [0, 1], [0, 0, 1], [1, 1, 0], 32271/65536),
 ([10, 36, 120, 166], [0, 2, 3, 3], [1, 1, 1], [1, 0, 0], 8317/16384),
 ([33, 65, 65, 140], [0, 2, 2, 2], [1, 1, 1], [1, 1, 0], 8067/16384),
 ([13, 36, 46, 72], [0, 1, 1], [0, 1, 1], [1, 0, 1], 32267/65536),
 ([33, 65, 81, 104], [0, 2], [1, 0, 0], [1, 0, 1], 16133/32768),
 ([3, 65, 111, 182], [0, 3, 3, 3], [1, 1, 1], [1, 1, 0], 16133/32768),
 ([13, 23, 59, 143], [0, 2, 2, 2], [1, 1, 1], [1, 1, 0], 16133/32768),
 ([10, 23, 49, 62], [0, 1, 1, 1], [1, 1, 1], [0, 1, 0], 16133/32768),
 ([26, 42, 78, 88], [0, 1, 2, 2], [1, 1, 1], [0, 0, 1], 16133/32768),
 ([3, 36, 36, 78], [0, 1, 1], [1, 1, 0], [1, 0, 0], 16133/32768),
 ([3, 33, 52, 153], [0, 2], [1, 0, 0], [1, 1, 0], 4033/8192),
 ([16, 29, 107, 159], [0, 2, 2, 2], [1, 1, 1], [0, 0, 0], 33275/65536),
 ([16, 23, 75, 124], [0, 2, 2, 2], [1, 1, 1], [1, 1, 1], 32261/65536),
 ([7, 42, 78, 143], [0, 2, 2, 2], [1, 1, 1], [0, 0, 1], 32261/65536),
 ([49, 75, 88, 120], [0, 2, 2, 3], [1, 1, 1], [0, 0, 1], 32261/65536),
 ([10, 16, 26, 185], [0, 2, 2, 2], [1, 1, 1], [1, 0, 1], 32261/65536),
 ([13, 33, 107, 159], [0, 2, 2, 2], [1, 1, 1], [0, 0, 0], 33275/65536),
 ([3, 23, 98, 289], [0, 3, 3, 3], [1, 1, 1], [0, 0, 1], 8319/16384),
 ([3, 16, 20, 81], [0, 1, 1], [1, 1, 0], [1, 0, 0], 8065/16384),
 ([3, 10, 20, 98], [0, 1, 1], [0, 1, 1], [0, 0, 0], 33277/65536),
 ([7, 10, 23, 293], [0, 3, 3], [1, 0, 1], [0, 1, 0], 32259/65536),
 ([49, 49, 59, 94], [0, 1, 2, 2], [1, 1, 1], [0, 1, 1], 16129/32768),
 ([3, 16, 29, 72], [0, 1, 1, 1], [1, 1, 1], [1, 1, 0], 16129/32768),
 ([10, 42, 68, 81], [0, 1, 1, 1], [1, 1, 1], [0, 0, 1], 65/128),
 ([16, 16, 91, 208], [0, 2, 3], [1, 1, 0], [1, 0, 1], 16641/32768),
 ([3, 29, 39, 62], [0, 1, 1, 1], [1, 1, 1], [1, 0, 1], 32253/65536),
 ([10, 23, 26, 81], [0, 1, 1, 1], [1, 1, 1], [0, 0, 1], 32251/65536),
 ([7, 20, 26, 172], [0, 2, 2, 2], [1, 1, 1], [1, 1, 1], 32251/65536),
 ([26, 42, 81, 130], [0, 2, 2, 2], [1, 1, 1], [0, 1, 1], 32251/65536),
 ([20, 26, 26, 85], [0, 1, 1, 1], [1, 1, 1], [0, 0, 0], 32251/65536),
 ([39, 42, 98, 140], [0, 1, 3, 3], [1, 1, 1], [0, 0, 0], 16643/32768),
 ([3, 13, 75, 133], [0, 1, 2, 2], [1, 1, 1], [0, 1, 0], 33287/65536),
 ([20, 55, 107, 111], [0, 2, 2, 2], [1, 1, 1], [0, 0, 1], 32249/65536),
 ([39, 52, 88, 211], [0, 3, 3, 3], [1, 1, 1], [0, 1, 1], 16123/32768),
 ([3, 62, 114, 189], [0, 2, 2, 3], [1, 1, 1], [0, 0, 1], 33291/65536),
 ([0, 16, 39, 81], [0, 1, 1, 1], [1, 1, 1], [1, 0, 0], 32245/65536),
 ([20, 39, 68, 176], [1, 1, 1, 1], [1, 1, 1], [1, 0, 1], 32245/65536),
 ([13, 16, 130, 195], [0, 3, 3, 3], [1, 1, 1], [0, 1, 1], 32245/65536),
 ([16, 23, 81, 224], [0, 3, 3, 3], [1, 1, 1], [1, 0, 1], 8061/16384),
 ([3, 7, 137, 176], [0, 3, 3, 3], [1, 1, 1], [0, 1, 1], 8061/16384),
 ([16, 52, 81, 120], [0, 2, 2, 2], [1, 1, 1], [0, 0, 0], 16121/32768),
 ([0, 10, 20, 98], [0, 1, 1], [1, 1, 0], [1, 0, 0], 16121/32768),
 ([3, 7, 46, 55], [0, 1, 1, 1], [1, 1, 1], [1, 1, 1], 16121/32768),
 ([10, 20, 81, 133], [0, 2, 2, 2], [1, 1, 1], [0, 1, 0], 32241/65536),
 ([0, 0, 182, 224], [0, 2, 3, 3], [1, 1, 1], [1, 0, 1], 32241/65536),
 ([0, 3, 36, 130], [0, 1], [0, 0, 1], [1, 0, 1], 2015/4096),
 ([13, 42, 46, 72], [0, 1, 1, 1], [1, 1, 1], [1, 0, 1], 33297/65536),
 ([13, 13, 49, 88], [0, 1, 1, 1], [1, 1, 1], [0, 1, 1], 32237/65536),
 ([3, 20, 68, 163], [0, 2, 2], [1, 0, 1], [0, 1, 1], 8059/16384),
 ([10, 39, 72, 120], [0, 2, 2, 2], [1, 1, 1], [1, 0, 0], 8059/16384),
 ([10, 13, 26, 75], [0, 1, 1, 1], [1, 1, 1], [1, 1, 0], 8059/16384),
 ([3, 20, 65, 250], [0, 3, 3, 3], [1, 1, 1], [0, 0, 1], 32235/65536),
 ([3, 3, 16, 133], [0, 1], [0, 1, 0], [0, 1, 1], 4163/8192),
 ([3, 3, 13, 218], [0, 2], [1, 0, 0], [1, 0, 0], 4163/8192),
 ([7, 29, 117, 153], [0, 2, 2, 2], [1, 1, 1], [1, 0, 1], 33305/65536),
 ([0, 7, 26, 289], [0, 2, 3, 3], [1, 1, 1], [0, 0, 0], 16653/32768),
 ([7, 7, 52, 221], [1, 1, 2, 2], [1, 1, 1], [1, 0, 0], 16115/32768),
 ([7, 10, 20, 85], [0, 1, 1, 1], [1, 1, 1], [0, 1, 0], 32229/65536),
 ([13, 59, 62, 117], [0, 2, 2, 2], [1, 1, 1], [1, 0, 1], 32229/65536),
 ([3, 10, 55, 85], [0, 1, 1], [1, 0, 1], [0, 0, 0], 8327/16384),
 ([3, 13, 75, 127], [0, 2, 2, 2], [1, 1, 1], [1, 1, 1], 32227/65536),
 ([3, 26, 49, 55], [0, 1, 1, 1], [1, 1, 1], [1, 1, 0], 1007/2048),
 ([0, 0, 75, 81], [0, 1, 1], [1, 0, 1], [1, 1, 0], 32223/65536),
 ([10, 36, 117, 117], [0, 1], [1, 0, 0], [0, 0, 0], 32223/65536),
 ([10, 16, 52, 159], [0, 2, 2], [0, 1, 1], [0, 0, 1], 32223/65536),
 ([16, 62, 65, 130], [0, 2, 2, 2], [1, 1, 1], [1, 0, 1], 32223/65536),
 ([3, 33, 46, 283], [0, 3, 3, 3], [1, 1, 1], [1, 0, 0], 33315/65536),
 ([7, 10, 39, 62], [0, 1, 1, 1], [1, 1, 1], [1, 0, 1], 8055/16384),
 ([0, 29, 68, 215], [0, 2, 2, 2], [1, 1, 1], [0, 0, 1], 8329/16384),
 ([10, 26, 29, 163], [0, 2, 2, 2], [1, 1, 1], [1, 0, 1], 8055/16384),
 ([7, 39, 72, 133], [0, 2, 2, 2], [1, 1, 1], [0, 1, 1], 8055/16384),
 ([3, 16, 36, 62], [0, 1, 1, 1], [1, 1, 1], [0, 1, 0], 32219/65536),
 ([29, 65, 78, 88], [0, 2, 2, 2], [1, 1, 1], [1, 1, 0], 32219/65536),
 ([16, 88, 91, 98], [0, 2, 2, 2], [1, 1, 1], [0, 1, 1], 32217/65536),
 ([23, 39, 72, 114], [0, 2, 2, 2], [1, 1, 1], [1, 1, 1], 4027/8192),
 ([3, 49, 91, 104], [0, 2, 2, 2], [1, 1, 1], [0, 0, 0], 4027/8192),
 ([3, 7, 81, 130], [0, 2, 2, 2], [1, 1, 1], [0, 0, 1], 32215/65536),
 ([10, 72, 81, 117], [0, 2, 2, 2], [1, 1, 1], [0, 1, 1], 32215/65536),
 ([0, 29, 72, 78], [0, 1, 1, 1], [1, 1, 1], [1, 1, 1], 33321/65536),
 ([26, 29, 91, 159], [0, 2, 2], [1, 0, 1], [1, 0, 0], 16661/32768),
 ([55, 75, 75, 137], [0, 1], [0, 0, 1], [1, 1, 1], 16661/32768),
 ([3, 13, 111, 140], [0, 2, 2, 2], [1, 1, 1], [0, 1, 1], 32213/65536),
 ([23, 49, 59, 163], [0, 2, 2], [1, 0, 1], [0, 1, 1], 32213/65536),
 ([13, 33, 39, 49], [0, 1, 1, 1], [1, 1, 1], [0, 0, 0], 8053/16384),
 ([7, 7, 23, 88], [0, 1, 1, 1], [1, 1, 1], [1, 0, 1], 8053/16384),
 ([10, 10, 55, 72], [0, 1, 1, 1], [1, 1, 1], [0, 0, 0], 8053/16384),
 ([7, 42, 104, 124], [0, 2, 2, 2], [1, 1, 1], [0, 0, 1], 32211/65536),
 ([3, 55, 88, 104], [0, 2, 2, 2], [1, 1, 1], [0, 1, 0], 32211/65536),
 ([10, 23, 42, 150], [0, 2, 2, 2], [1, 1, 1], [1, 1, 1], 32211/65536),
 ([36, 65, 81, 104], [0, 2, 2, 2], [1, 1, 1], [0, 1, 1], 32211/65536),
 ([0, 23, 46, 88], [0, 1, 1, 1], [1, 1, 1], [1, 0, 0], 16663/32768),
 ([10, 29, 98, 114], [0, 2], [0, 1, 0], [1, 1, 0], 32209/65536),
 ([3, 20, 49, 62], [0, 1, 1, 1], [1, 1, 1], [0, 0, 1], 32207/65536),
 ([13, 36, 55, 140], [0, 2, 2, 2], [1, 1, 1], [1, 0, 0], 32207/65536),
 ([26, 55, 85, 88], [0, 1, 2, 2], [1, 1, 1], [0, 0, 1], 16103/32768),
 ([23, 29, 36, 49], [0, 1, 1, 1], [1, 1, 1], [1, 0, 0], 16103/32768),
 ([7, 10, 29, 124], [0, 1], [0, 0, 1], [0, 0, 1], 33333/65536),
 ([10, 23, 65, 140], [0, 2, 2, 2], [1, 1, 1], [0, 1, 0], 32201/65536),
 ([20, 42, 55, 133], [0, 2], [1, 0, 0], [1, 0, 0], 4025/8192),
 ([10, 13, 36, 81], [0, 1], [0, 1, 0], [0, 0, 1], 32199/65536),
 ([3, 7, 36, 65], [0, 1, 1, 1], [1, 1, 1], [1, 1, 0], 16099/32768),
 ([26, 29, 33, 52], [0, 1, 1, 1], [1, 1, 1], [1, 1, 0], 32197/65536),
 ([20, 29, 36, 46], [0, 1, 1, 1], [1, 1, 1], [1, 0, 0], 8049/16384),
 ([10, 29, 98, 205], [0, 3, 3, 3], [1, 1, 1], [0, 1, 1], 8049/16384),
 ([3, 16, 72, 133], [0, 2, 2, 2], [1, 1, 1], [0, 0, 0], 32195/65536),
 ([0, 7, 153, 166], [0, 1, 2, 2], [1, 1, 1], [0, 1, 1], 33341/65536),
 ([33, 42, 117, 176], [0, 2, 3, 3], [1, 1, 1], [0, 0, 0], 32195/65536),
 ([3, 26, 68, 137], [0, 2], [0, 0, 1], [1, 1, 0], 32195/65536),
 ([33, 42, 59, 120], [0, 2, 2, 2], [1, 1, 1], [1, 0, 0], 16097/32768),
 ([42, 46, 127, 159], [0, 3, 3, 3], [1, 1, 1], [1, 0, 0], 16097/32768),
 ([3, 16, 36, 68], [0, 1, 1, 1], [1, 1, 1], [0, 1, 0], 32193/65536),
 ([3, 7, 46, 81], [0, 1, 1, 1], [1, 1, 1], [1, 1, 1], 33345/65536),
 ([3, 3, 52, 78], [0, 1, 1], [0, 1, 1], [0, 0, 0], 32191/65536),
 ([3, 20, 75, 137], [0, 2], [0, 1, 0], [0, 0, 1], 16095/32768),
 ([26, 39, 49, 85], [0, 1, 1, 1], [1, 1, 1], [0, 0, 1], 33347/65536),
 ([7, 7, 46, 91], [0, 1, 1, 1], [1, 1, 1], [0, 1, 1], 32189/65536),
 ([7, 23, 78, 124], [0, 2, 2, 2], [1, 1, 1], [1, 0, 0], 32189/65536),
 ([0, 10, 33, 185], [0, 1, 2], [1, 0, 1], [0, 1, 0], 16675/32768),
 ([3, 13, 26, 75], [0, 1, 1, 1], [1, 1, 1], [1, 1, 0], 16093/32768),
 ([0, 0, 88, 166], [0, 1, 2], [0, 1, 1], [0, 0, 1], 16675/32768),
 ([3, 78, 88, 91], [0, 2, 2, 2], [1, 1, 1], [1, 0, 0], 16093/32768),
 ([13, 39, 49, 156], [0, 2, 2, 2], [1, 1, 1], [0, 0, 1], 32185/65536),
 ([3, 10, 55, 91], [0, 1], [1, 0, 0], [0, 1, 1], 4023/8192),
 ([13, 23, 39, 107], [0, 1], [0, 1, 0], [1, 0, 0], 16677/32768),
 ([23, 46, 68, 133], [0, 2, 2], [0, 1, 1], [0, 0, 0], 16091/32768),
 ([10, 13, 65, 137], [0, 2, 2, 2], [1, 1, 1], [1, 0, 1], 8045/16384),
 ([3, 3, 7, 104], [0, 1, 1, 1], [1, 1, 1], [0, 0, 1], 8339/16384),
 ([3, 10, 78, 228], [0, 3, 3, 3], [1, 1, 1], [0, 1, 1], 8045/16384),
 ([10, 16, 46, 159], [0, 2, 2, 2], [1, 1, 1], [0, 0, 0], 32179/65536),
 ([16, 29, 33, 55], [0, 1, 1], [1, 0, 1], [0, 0, 0], 32179/65536),
 ([16, 49, 59, 91], [0, 1], [1, 0, 0], [0, 1, 1], 16089/32768),
 ([3, 46, 55, 91], [0, 1, 1, 1], [1, 1, 1], [0, 0, 1], 33359/65536),
 ([3, 55, 62, 85], [0, 1, 1, 1], [1, 1, 1], [0, 1, 1], 33359/65536),
 ([3, 13, 29, 198], [0, 2, 2, 2], [1, 1, 1], [0, 1, 0], 2085/4096),
 ([0, 7, 189, 202], [0, 2], [1, 0, 0], [1, 0, 0], 2085/4096),
 ([0, 7, 42, 283], [0, 2, 3, 3], [1, 1, 1], [1, 1, 0], 33361/65536),
 ([7, 36, 46, 146], [0, 2, 2, 2], [1, 1, 1], [0, 0, 0], 32175/65536),
 ([7, 23, 75, 237], [0, 3], [0, 0, 1], [0, 1, 0], 32175/65536),
 ([10, 16, 65, 137], [0, 2, 2, 2], [1, 1, 1], [0, 0, 0], 16087/32768),
 ([20, 29, 33, 153], [0, 2, 2], [1, 1, 0], [0, 1, 1], 32171/65536),
 ([7, 7, 52, 85], [0, 1, 1, 1], [1, 1, 1], [1, 0, 1], 33365/65536),
 ([0, 55, 78, 163], [0, 2, 2, 2], [1, 1, 1], [1, 1, 1], 32171/65536),
 ([7, 7, 52, 85], [0, 1, 1, 1], [1, 1, 1], [1, 0, 1], 33365/65536),
 ([0, 3, 29, 94], [0, 1, 1, 1], [1, 1, 1], [0, 0, 1], 16085/32768),
 ([23, 55, 98, 101], [0, 2, 2], [1, 0, 1], [0, 0, 0], 16085/32768),
 ([3, 16, 36, 101], [0, 1, 1, 1], [1, 1, 1], [0, 0, 1], 4171/8192),
 ([33, 36, 49, 124], [0, 2, 2, 2], [1, 1, 1], [1, 1, 1], 32167/65536),
 ([29, 62, 85, 195], [0, 3], [0, 0, 1], [0, 1, 0], 32167/65536),
 ([3, 68, 133, 176], [0, 2, 3, 3], [1, 1, 1], [0, 1, 0], 32167/65536),
 ([3, 42, 107, 179], [0, 2, 3, 3], [1, 1, 1], [0, 1, 0], 32167/65536),
 ([42, 49, 137, 179], [0, 2, 3, 3], [1, 1, 1], [0, 0, 0], 16083/32768),
 ([3, 16, 140, 172], [0, 3, 3, 3], [1, 1, 1], [1, 0, 1], 32165/65536),
 ([3, 16, 20, 91], [0, 1, 1, 1], [1, 1, 1], [1, 1, 1], 33371/65536),
 ([7, 16, 36, 55], [0, 1, 1, 1], [1, 1, 1], [1, 1, 0], 32165/65536),
 ([26, 52, 52, 111], [0, 1, 2, 2], [1, 1, 1], [0, 0, 0], 8041/16384),
 ([0, 36, 55, 75], [0, 1, 1, 1], [1, 1, 1], [1, 1, 0], 8343/16384),
 ([29, 55, 59, 231], [0, 3, 3, 3], [1, 1, 1], [0, 0, 1], 32163/65536),
 ([10, 26, 42, 55], [0, 1, 1, 1], [1, 1, 1], [1, 1, 1], 16081/32768),
 ([42, 52, 55, 120], [0, 2, 2], [1, 1, 0], [1, 0, 1], 32161/65536),
 ([0, 13, 81, 267], [0, 3, 3, 3], [1, 1, 1], [1, 1, 1], 32161/65536),
 ([16, 49, 78, 120], [0, 2, 2], [1, 1, 0], [0, 0, 0], 32161/65536),
 ([3, 23, 42, 146], [0, 2, 2, 2], [1, 1, 1], [1, 1, 0], 1005/2048),
 ([0, 3, 13, 247], [0, 2], [0, 1, 0], [1, 0, 0], 1043/2048),
 ([0, 10, 23, 263], [0, 2], [0, 1, 0], [0, 0, 0], 1043/2048),
 ([10, 20, 49, 52], [0, 1, 1, 1], [1, 1, 1], [1, 0, 1], 32159/65536),
 ([42, 85, 107, 140], [0, 3, 3, 3], [1, 1, 1], [1, 1, 1], 16079/32768),
 ([26, 29, 42, 143], [0, 2, 2, 2], [1, 1, 1], [1, 0, 1], 16079/32768),
 ([16, 23, 55, 62], [0, 1], [0, 0, 1], [0, 0, 0], 16079/32768),
 ([33, 36, 42, 182], [0, 2, 2], [1, 0, 1], [1, 1, 1], 33379/65536),
 ([13, 75, 101, 111], [0, 2, 2], [0, 1, 1], [1, 0, 1], 32157/65536),
 ([3, 10, 26, 280], [0, 3, 3, 3], [1, 1, 1], [1, 0, 1], 32157/65536),
 ([3, 7, 26, 72], [0, 1, 1, 1], [1, 1, 1], [1, 1, 0], 8039/16384),
 ([3, 7, 26, 72], [0, 1, 1, 1], [1, 1, 1], [1, 1, 0], 8039/16384),
 ([0, 68, 98, 130], [0, 2, 2], [1, 0, 1], [1, 1, 0], 8039/16384),
 ([3, 20, 55, 202], [0, 2, 2, 2], [1, 1, 1], [0, 0, 1], 8345/16384),
 ([3, 13, 36, 81], [0, 1, 1], [1, 0, 1], [0, 0, 1], 8039/16384),
 ([3, 33, 49, 98], [0, 1, 1], [0, 1, 1], [1, 1, 1], 33381/65536),
 ([20, 26, 36, 65], [0, 1], [0, 1, 0], [0, 0, 0], 32155/65536),
 ([16, 55, 72, 98], [0, 2, 2, 2], [1, 1, 1], [0, 1, 0], 32155/65536),
 ([10, 46, 81, 111], [0, 2, 2, 2], [1, 1, 1], [0, 1, 1], 32155/65536),
 ([20, 23, 36, 166], [0, 2], [0, 0, 1], [0, 1, 0], 16077/32768),
 ([36, 65, 81, 94], [0, 2, 2, 2], [1, 1, 1], [0, 1, 0], 16077/32768),
 ([3, 13, 23, 185], [0, 2, 2], [1, 1, 0], [0, 1, 1], 16077/32768),
 ([3, 29, 36, 68], [0, 1, 1, 1], [1, 1, 1], [0, 1, 0], 32153/65536),
 ([13, 23, 52, 68], [0, 1, 1, 1], [1, 1, 1], [1, 1, 0], 33383/65536),
 ([55, 62, 85, 176], [0, 3, 3, 3], [1, 1, 1], [0, 0, 0], 32153/65536),
 ([46, 49, 85, 189], [0, 3, 3, 3], [1, 1, 1], [0, 0, 0], 4019/8192),
 ([7, 46, 65, 146], [0, 2], [0, 0, 1], [1, 1, 1], 32151/65536),
 ([7, 36, 42, 146], [0, 2, 2, 2], [1, 1, 1], [0, 0, 0], 32151/65536),
 ([7, 20, 29, 72], [0, 1, 1, 1], [1, 1, 1], [0, 0, 1], 32151/65536),
 ([7, 7, 52, 273], [1, 1, 3, 3], [1, 1, 1], [1, 1, 1], 33385/65536),
 ([7, 49, 55, 221], [0, 3, 3, 3], [1, 1, 1], [1, 1, 1], 32151/65536),
 ([7, 20, 29, 91], [0, 1, 1, 1], [1, 1, 1], [0, 1, 0], 33385/65536),
 ([3, 16, 42, 65], [0, 1, 1, 1], [1, 1, 1], [0, 0, 1], 32151/65536),
 ([3, 23, 33, 55], [0, 1, 1, 1], [1, 1, 1], [1, 1, 1], 16075/32768),
 ([20, 42, 75, 98], [0, 2, 2, 2], [1, 1, 1], [1, 0, 0], 16075/32768),
 ([10, 33, 59, 231], [0, 3, 3, 3], [1, 1, 1], [1, 0, 1], 32149/65536),
 ([7, 20, 36, 156], [0, 2, 2, 2], [1, 1, 1], [0, 1, 1], 8037/16384),
 ([7, 36, 52, 98], [0, 1, 1, 1], [1, 1, 1], [0, 0, 1], 8347/16384),
 ([33, 78, 98, 133], [0, 2, 2], [1, 0, 1], [0, 1, 1], 8037/16384),
 ([7, 10, 29, 179], [0, 2, 2], [1, 1, 0], [0, 0, 1], 8037/16384),
 ([3, 26, 36, 260], [0, 3, 3, 3], [1, 1, 1], [1, 0, 0], 32147/65536),
 ([0, 33, 72, 124], [0, 1, 2, 2], [1, 1, 1], [0, 0, 1], 32145/65536),
 ([0, 13, 29, 94], [0, 1, 1, 1], [1, 1, 1], [1, 1, 0], 33391/65536),
 ([3, 62, 88, 189], [0, 2, 3], [1, 1, 0], [0, 0, 0], 2009/4096),
 ([7, 52, 55, 182], [0, 2, 2, 2], [1, 1, 1], [0, 1, 0], 33393/65536),
 ([49, 62, 85, 169], [0, 3, 3, 3], [1, 1, 1], [0, 1, 1], 32143/65536),
 ([16, 16, 29, 198], [0, 2], [0, 1, 0], [0, 1, 0], 16071/32768),
 ([26, 33, 55, 120], [0, 2, 2, 2], [1, 1, 1], [1, 1, 0], 16071/32768),
 ([3, 88, 117, 127], [0, 3, 3], [1, 1, 0], [1, 0, 0], 32141/65536),
 ([7, 52, 150, 153], [0, 3, 3], [1, 1, 0], [0, 0, 0], 32141/65536),
 ([10, 46, 91, 179], [0, 3, 3, 3], [1, 1, 1], [1, 0, 0], 32141/65536),
 ([3, 26, 88, 172], [0, 2, 2, 2], [1, 1, 1], [0, 0, 0], 33395/65536),
 ([20, 42, 78, 195], [0, 3, 3, 3], [1, 1, 1], [1, 0, 1], 8035/16384),
 ([52, 72, 75, 85], [0, 2, 2, 2], [1, 1, 1], [0, 0, 1], 8035/16384),
 ([7, 23, 36, 257], [0, 3, 3, 3], [1, 1, 1], [1, 0, 1], 8035/16384),
 ([13, 23, 29, 195], [0, 2], [1, 0, 0], [0, 1, 1], 8035/16384),
 ([3, 7, 143, 156], [0, 1], [1, 0, 0], [0, 0, 1], 8349/16384),
 ([33, 55, 146, 159], [0, 2], [1, 0, 0], [0, 0, 0], 32139/65536),
 ([7, 33, 36, 42], [0, 1, 1, 1], [1, 1, 1], [1, 0, 1], 32139/65536),
 ([7, 20, 26, 62], [0, 1, 1, 1], [1, 1, 1], [1, 1, 1], 32139/65536),
 ([10, 39, 62, 120], [0, 2, 2, 2], [1, 1, 1], [0, 1, 0], 32139/65536),
 ([33, 52, 111, 146], [0, 3, 3, 3], [1, 1, 1], [1, 1, 1], 16069/32768),
 ([7, 13, 29, 166], [0, 2, 2, 2], [1, 1, 1], [0, 1, 1], 16069/32768),
 ([13, 23, 46, 52], [0, 1, 1, 1], [1, 1, 1], [0, 0, 0], 16069/32768),
 ([46, 55, 62, 98], [0, 2, 2, 2], [1, 1, 1], [0, 1, 1], 32137/65536),
 ([3, 52, 72, 94], [0, 2, 2, 2], [1, 1, 1], [1, 0, 1], 32137/65536),
 ([68, 94, 101, 104], [0, 2, 3], [1, 0, 1], [0, 0, 0], 32137/65536),
 ([7, 49, 68, 104], [0, 2, 2], [1, 1, 0], [1, 0, 1], 32137/65536),
 ([3, 36, 98, 189], [0, 2, 3, 3], [1, 1, 1], [0, 1, 1], 4017/8192),
 ([3, 13, 81, 117], [0, 2, 2, 2], [1, 1, 1], [1, 0, 1], 4017/8192),
 ([3, 7, 42, 72], [0, 1, 1], [1, 0, 1], [0, 0, 1], 4017/8192),
 ([7, 26, 39, 78], [0, 1, 1, 1], [1, 1, 1], [1, 1, 0], 4175/8192),
 ([3, 33, 68, 117], [0, 2, 2, 2], [1, 1, 1], [0, 1, 1], 4017/8192),
 ([3, 39, 62, 114], [0, 2, 2], [0, 1, 1], [1, 1, 1], 4017/8192),
 ([16, 29, 124, 163], [0, 3], [0, 1, 0], [1, 1, 0], 32135/65536),
 ([3, 52, 72, 208], [0, 3, 3, 3], [1, 1, 1], [0, 0, 0], 32135/65536),
 ([13, 46, 114, 146], [0, 3, 3, 3], [1, 1, 1], [1, 1, 0], 32135/65536),
 ([3, 42, 75, 94], [0, 2, 2, 2], [1, 1, 1], [0, 0, 0], 32135/65536),
 ([13, 33, 52, 127], [0, 2, 2], [1, 1, 0], [1, 0, 0], 32135/65536),
 ([16, 20, 39, 146], [0, 2, 2, 2], [1, 1, 1], [1, 0, 1], 16067/32768),
 ([3, 13, 49, 55], [0, 1, 1], [1, 0, 1], [0, 1, 0], 16067/32768),
 ([7, 26, 46, 133], [0, 2, 2, 2], [1, 1, 1], [1, 1, 0], 16067/32768),
 ([7, 10, 23, 75], [0, 1], [0, 0, 1], [1, 1, 0], 16067/32768),
 ([7, 39, 52, 146], [0, 2, 2, 2], [1, 1, 1], [0, 0, 1], 32133/65536),
 ([13, 94, 98, 150], [0, 2, 3, 3], [1, 1, 1], [0, 0, 1], 32131/65536),
 ([3, 13, 33, 166], [0, 2, 2, 2], [1, 1, 1], [0, 0, 0], 32131/65536),
 ([3, 20, 29, 159], [0, 2, 2], [1, 1, 0], [1, 1, 0], 16065/32768),
 ([20, 36, 78, 91], [0, 2, 2, 2], [1, 1, 1], [1, 1, 1], 16065/32768),
 ([23, 26, 42, 241], [0, 3, 3, 3], [1, 1, 1], [1, 0, 0], 32129/65536),
 ([13, 49, 59, 117], [0, 2, 2, 2], [1, 1, 1], [0, 0, 1], 32129/65536),
 ([7, 29, 46, 130], [0, 2, 2, 2], [1, 1, 1], [0, 1, 0], 32129/65536),
 ([10, 13, 62, 130], [0, 2, 2, 2], [1, 1, 1], [0, 1, 0], 32129/65536),
 ([7, 10, 36, 59], [0, 1, 1, 1], [1, 1, 1], [0, 1, 0], 32129/65536),
 ([13, 16, 36, 156], [0, 2], [0, 1, 0], [1, 1, 0], 32129/65536),
 ([33, 33, 46, 59], [0, 1, 1, 1], [1, 1, 1], [0, 1, 0], 32127/65536),
 ([10, 29, 114, 114], [0, 2, 2, 2], [1, 1, 1], [1, 0, 0], 32127/65536),
 ([13, 42, 81, 91], [0, 2, 2], [1, 0, 1], [1, 0, 0], 16063/32768),
 ([7, 10, 75, 120], [0, 2, 2, 2], [1, 1, 1], [0, 1, 1], 16063/32768),
 ([0, 16, 52, 81], [0, 1, 1, 1], [1, 1, 1], [1, 0, 0], 16705/32768),
 ([10, 29, 36, 143], [0, 2, 2, 2], [1, 1, 1], [1, 0, 1], 16063/32768),
 ([7, 39, 52, 114], [0, 2, 2, 2], [1, 1, 1], [0, 1, 1], 16063/32768),
 ([13, 36, 75, 94], [0, 2, 2, 2], [1, 1, 1], [0, 0, 0], 32125/65536),
 ([3, 7, 26, 72], [0, 1], [0, 0, 1], [1, 0, 1], 32125/65536),
 ([3, 20, 62, 140], [0, 2], [0, 0, 1], [0, 1, 1], 32125/65536),
 ([26, 39, 101, 169], [0, 2, 3, 3], [1, 1, 1], [0, 0, 1], 32125/65536),
 ([3, 16, 36, 156], [0, 2], [0, 0, 1], [0, 0, 1], 32125/65536),
 ([16, 36, 39, 234], [0, 3], [0, 1, 0], [1, 1, 1], 32125/65536),
 ([3, 13, 62, 237], [0, 3], [0, 0, 1], [1, 0, 1], 32125/65536),
 ([7, 26, 62, 65], [0, 1, 1], [1, 0, 1], [0, 0, 1], 8031/16384),
 ([7, 10, 23, 68], [0, 1, 1, 1], [1, 1, 1], [0, 0, 0], 8031/16384),
 ([3, 16, 33, 62], [0, 1, 1, 1], [1, 1, 1], [0, 1, 0], 32123/65536),
 ([0, 23, 26, 296], [0, 3, 3, 3], [1, 1, 1], [1, 0, 0], 32123/65536),
 ([16, 20, 39, 241], [0, 3, 3, 3], [1, 1, 1], [0, 1, 1], 16061/32768),
 ([7, 36, 59, 107], [0, 2, 2, 2], [1, 1, 1], [0, 1, 1], 16061/32768),
 ([10, 26, 88, 189], [0, 3, 3], [1, 0, 1], [1, 0, 1], 16061/32768),
 ([55, 85, 107, 111], [0, 3, 3, 3], [1, 1, 1], [1, 0, 0], 16061/32768),
 ([20, 26, 29, 137], [0, 2, 2, 2], [1, 1, 1], [0, 1, 1], 16061/32768),
 ([7, 10, 23, 169], [0, 2, 2, 2], [1, 1, 1], [1, 1, 0], 16061/32768),
 ([33, 39, 65, 75], [0, 2, 2, 2], [1, 1, 1], [1, 0, 0], 16061/32768),
 ([26, 52, 94, 130], [0, 2, 2, 2], [1, 1, 1], [0, 1, 1], 32121/65536),
 ([39, 75, 101, 107], [0, 3, 3, 3], [1, 1, 1], [0, 0, 0], 32121/65536),
 ([13, 33, 49, 218], [0, 3, 3], [0, 1, 1], [1, 1, 0], 32121/65536),
 ([16, 20, 91, 192], [0, 3, 3], [1, 1, 0], [0, 1, 0], 32121/65536),
 ([26, 52, 75, 117], [0, 2, 2, 2], [1, 1, 1], [0, 1, 0], 32121/65536),
 ([7, 16, 26, 62], [0, 1, 1, 1], [1, 1, 1], [0, 0, 1], 32121/65536),
 ([7, 46, 72, 107], [0, 2], [0, 1, 0], [1, 0, 1], 32121/65536),
 ([3, 20, 33, 55], [0, 1, 1], [0, 1, 1], [0, 0, 1], 32121/65536),
 ([7, 52, 120, 169], [0, 3, 3, 3], [1, 1, 1], [0, 0, 1], 32121/65536),
 ([7, 33, 81, 104], [0, 2, 2, 2], [1, 1, 1], [0, 0, 1], 32121/65536),
 ([29, 75, 88, 127], [0, 3, 3, 3], [1, 1, 1], [0, 1, 1], 32121/65536),
 ([7, 16, 75, 231], [0], [0, 0, 0], [0, 0, 0], 4015/8192),
 ([29, 65, 111, 124], [0], [0, 0, 0], [1, 1, 0], 4015/8192),
 ([7, 20, 78, 153], [0, 2], [1, 0, 0], [0, 1, 0], 4015/8192),
 ([3, 13, 72, 322], [0], [0, 0, 0], [1, 1, 1], 4015/8192),
 ([13, 23, 140, 146], [0, 3, 3, 3], [1, 1, 1], [0, 0, 1], 4015/8192),
 ([7, 72, 75, 81], [0, 2], [0, 0, 1], [1, 1, 1], 4015/8192),
 ([3, 7, 36, 163], [0, 2, 2, 2], [1, 1, 1], [0, 0, 0], 4015/8192),
 ([3, 7, 16, 182], [0], [0, 0, 0], [1, 0, 1], 4015/8192),
 ([7, 23, 29, 163], [0], [0, 0, 0], [0, 1, 0], 4015/8192),
 ([29, 42, 59, 195], [0, 3, 3], [1, 0, 1], [0, 0, 0], 4015/8192),
 ([23, 68, 78, 120], [0], [0, 0, 0], [1, 0, 1], 4015/8192),
 ([3, 7, 39, 280], [0, 3], [1, 0, 0], [0, 1, 0], 4015/8192),
 ([10, 13, 68, 98], [0], [0, 0, 0], [1, 1, 1], 4015/8192),
 ([23, 52, 55, 137], [0, 2], [1, 0, 0], [0, 1, 1], 4015/8192),
 ([0, 0, 52, 163], [0, 1], [0, 1, 0], [1, 0, 0], 4177/8192),
 ([3, 10, 91, 241], [0], [0, 0, 0], [0, 1, 1], 4015/8192),
 ([3, 42, 49, 153], [0], [0, 0, 0], [1, 0, 0], 4015/8192),
 ([10, 62, 91, 218], [0, 3], [1, 0, 0], [0, 1, 1], 4015/8192),
 ([16, 36, 65, 127], [0, 2, 2], [1, 1, 0], [0, 0, 0], 4015/8192),
 ([3, 13, 59, 192], [0, 2], [1, 0, 0], [0, 1, 1], 4015/8192),
 ([36, 42, 68, 101], [0], [0, 0, 0], [0, 1, 1], 4015/8192),
 ([3, 13, 36, 72], [0, 1, 1, 1], [1, 1, 1], [0, 1, 1], 4015/8192),
 ([3, 7, 20, 78], [0, 1, 1, 1], [1, 1, 1], [1, 0, 0], 32117/65536),
 ([3, 7, 20, 78], [0, 1, 1, 1], [1, 1, 1], [0, 1, 0], 32117/65536),
 ([42, 72, 101, 107], [0, 2, 3], [1, 0, 1], [0, 0, 0], 32117/65536),
 ([0, 7, 10, 309], [0, 3, 3], [1, 0, 1], [1, 0, 0], 33419/65536),
 ([3, 20, 39, 52], [0, 1], [0, 0, 1], [1, 0, 0], 8029/16384),
 ([0, 20, 55, 91], [0, 1, 1, 1], [1, 1, 1], [0, 1, 0], 8355/16384),
 ([10, 16, 33, 78], [0], [0, 0, 0], [0, 0, 0], 8029/16384),
 ([10, 68, 78, 130], [0, 2, 2, 2], [1, 1, 1], [1, 1, 1], 8029/16384),
 ([0, 16, 39, 78], [0, 1, 1, 1], [1, 1, 1], [1, 1, 0], 8029/16384),
 ([3, 20, 33, 52], [0, 1, 1, 1], [1, 1, 1], [1, 0, 1], 32115/65536),
 ([13, 20, 23, 72], [0, 1, 1, 1], [1, 1, 1], [0, 0, 1], 32115/65536),
 ([3, 20, 39, 46], [0, 1, 1, 1], [1, 1, 1], [1, 1, 1], 16057/32768),
 ([0, 3, 3, 114], [0, 1, 1], [0, 1, 1], [0, 0, 1], 2089/4096),
 ([3, 10, 72, 150], [0, 2], [0, 0, 1], [1, 0, 1], 2007/4096),
 ([0, 49, 62, 91], [0, 1], [0, 0, 1], [0, 1, 0], 2089/4096),
 ([29, 62, 81, 85], [0, 2, 2, 2], [1, 1, 1], [1, 1, 1], 2007/4096),
 ([0, 3, 68, 309], [0, 3, 3, 3], [1, 1, 1], [1, 0, 1], 33425/65536),
 ([7, 49, 72, 85], [0, 2, 2, 2], [1, 1, 1], [1, 1, 0], 32111/65536),
 ([0, 3, 39, 94], [0, 1, 1, 1], [1, 1, 1], [1, 0, 1], 33425/65536),
 ([0, 3, 42, 91], [0, 1, 1, 1], [1, 1, 1], [1, 0, 1], 33425/65536),
 ([3, 36, 72, 228], [0, 3, 3, 3], [1, 1, 1], [1, 0, 0], 32111/65536),
 ([0, 3, 13, 101], [0, 1, 1, 1], [1, 1, 1], [1, 0, 1], 33425/65536),
 ([0, 3, 13, 101], [0, 1, 1, 1], [1, 1, 1], [1, 0, 1], 33425/65536),
 ([23, 42, 59, 202], [0, 3, 3, 3], [1, 1, 1], [1, 1, 0], 16055/32768),
 ([7, 39, 78, 120], [0, 2, 2, 2], [1, 1, 1], [1, 1, 1], 16055/32768),
 ([10, 23, 65, 127], [0, 2, 2, 2], [1, 1, 1], [0, 0, 1], 32109/65536),
 ([16, 36, 49, 52], [0, 1, 1, 1], [1, 1, 1], [0, 1, 0], 32107/65536),
 ([3, 16, 46, 78], [0, 1, 1, 1], [1, 1, 1], [1, 1, 0], 33429/65536),
 ([16, 46, 81, 176], [0, 2, 3, 3], [1, 1, 1], [0, 1, 1], 16053/32768),
 ([13, 42, 49, 107], [0, 2, 2, 2], [1, 1, 1], [1, 0, 1], 16053/32768),
 ([0, 10, 36, 244], [1, 1, 2, 2], [1, 1, 1], [0, 1, 1], 32105/65536),
 ([20, 36, 46, 130], [0, 2, 2], [1, 0, 1], [0, 0, 1], 32105/65536),
 ([20, 29, 81, 98], [0, 2, 2], [0, 1, 1], [0, 1, 1], 32105/65536),
 ([3, 33, 59, 94], [0, 1], [0, 1, 0], [0, 0, 1], 33431/65536),
 ([36, 39, 59, 91], [0, 2, 2], [0, 1, 1], [0, 0, 1], 4013/8192),
 ([13, 20, 72, 117], [0, 2], [1, 0, 0], [0, 0, 0], 4013/8192),
 ([16, 26, 62, 130], [0, 1, 2, 2], [1, 1, 1], [0, 0, 1], 4179/8192),
 ([46, 52, 81, 130], [0], [0, 0, 0], [0, 0, 0], 4013/8192),
 ([10, 29, 46, 124], [0, 2, 2, 2], [1, 1, 1], [0, 0, 0], 4013/8192),
 ([23, 33, 75, 117], [0, 2, 2], [0, 1, 1], [0, 1, 1], 32103/65536),
 ([7, 42, 46, 137], [0, 2, 2], [1, 1, 0], [1, 1, 1], 32103/65536),
 ([3, 52, 104, 198], [0, 2], [0, 0, 1], [0, 0, 1], 16051/32768),
 ([3, 7, 29, 72], [0, 1, 1, 1], [1, 1, 1], [0, 0, 1], 32101/65536),
 ([10, 16, 33, 52], [0, 1], [0, 1, 0], [1, 1, 0], 32101/65536),
 ([13, 52, 85, 104], [0, 2, 2, 2], [1, 1, 1], [1, 0, 1], 32101/65536),
 ([3, 7, 29, 72], [0, 1, 1, 1], [1, 1, 1], [0, 0, 1], 32101/65536),
 ([3, 10, 23, 78], [0, 1], [0, 1, 0], [1, 1, 1], 8025/16384),
 ([20, 26, 36, 143], [0, 2, 2, 2], [1, 1, 1], [0, 0, 0], 8025/16384),
 ([16, 20, 23, 49], [0, 1, 1], [1, 1, 0], [0, 0, 1], 8025/16384),
 ([3, 16, 33, 94], [0, 1, 1, 1], [1, 1, 1], [0, 1, 0], 8359/16384),
 ([13, 36, 91, 98], [0, 2, 2, 2], [1, 1, 1], [0, 0, 1], 32097/65536),
 ([0, 10, 75, 169], [0, 2, 2, 2], [1, 1, 1], [1, 1, 1], 32097/65536),
 ([46, 62, 98, 111], [0, 3, 3, 3], [1, 1, 1], [0, 1, 1], 32097/65536),
 ([3, 7, 20, 182], [0], [0, 0, 0], [0, 1, 1], 1003/2048),
 ([0, 0, 3, 315], [0, 3, 3, 3], [1, 1, 1], [0, 0, 1], 1045/2048),
 ([0, 0, 23, 117], [0, 1, 1, 1], [1, 1, 1], [0, 0, 1], 1045/2048),
 ([23, 59, 72, 75], [0], [0, 0, 0], [0, 1, 1], 1003/2048),
 ([10, 16, 52, 166], [0], [0, 0, 0], [0, 0, 0], 1003/2048),
 ([46, 55, 68, 78], [0, 2, 2, 2], [1, 1, 1], [0, 0, 1], 1003/2048),
 ([3, 10, 26, 78], [0, 1], [1, 0, 0], [0, 0, 0], 8023/16384),
 ([0, 16, 98, 137], [0, 1, 2], [1, 1, 0], [0, 1, 0], 16045/32768),
 ([16, 65, 85, 114], [0, 2, 2, 2], [1, 1, 1], [0, 0, 1], 32089/65536),
 ([0, 29, 36, 91], [0, 1, 1, 1], [1, 1, 1], [1, 0, 1], 33447/65536),
 ([0, 52, 55, 81], [0, 1], [0, 1, 0], [0, 0, 0], 32089/65536),
 ([3, 39, 52, 127], [0, 2, 2, 2], [1, 1, 1], [1, 1, 1], 32087/65536),
 ([0, 7, 36, 98], [0, 1, 1], [0, 1, 1], [1, 1, 1], 32085/65536),
 ([3, 3, 72, 72], [0, 1, 1, 1], [1, 1, 1], [0, 0, 1], 32085/65536),
 ([3, 23, 39, 101], [0, 1, 1, 1], [1, 1, 1], [0, 1, 1], 33453/65536),
 ([10, 39, 68, 111], [0, 2, 2, 2], [1, 1, 1], [1, 1, 0], 32081/65536),
 ([26, 26, 39, 62], [0, 1, 1, 1], [1, 1, 1], [1, 0, 0], 2005/4096),
 ([0, 29, 39, 81], [0, 1, 1, 1], [1, 1, 1], [1, 0, 1], 32079/65536),
 ([10, 13, 33, 65], [0, 1, 1, 1], [1, 1, 1], [0, 0, 0], 16039/32768),
 ([10, 20, 46, 49], [0, 1, 1, 1], [1, 1, 1], [1, 1, 1], 16039/32768),
 ([10, 20, 23, 68], [0, 1, 1], [0, 1, 1], [0, 1, 0], 32077/65536),
 ([23, 29, 33, 62], [0, 1, 1, 1], [1, 1, 1], [1, 0, 1], 32071/65536),
 ([3, 13, 23, 176], [0, 2, 2, 2], [1, 1, 1], [1, 1, 1], 32071/65536),
 ([0, 10, 33, 101], [0, 1], [0, 1, 0], [1, 1, 0], 16035/32768),
 ([7, 13, 36, 55], [0, 1, 1, 1], [1, 1, 1], [0, 1, 0], 16035/32768),
 ([36, 39, 46, 101], [0, 1], [0, 1, 0], [0, 0, 0], 8367/16384),
 ([29, 33, 107, 127], [0, 1], [0, 0, 1], [1, 1, 1], 33469/65536),
 ([10, 10, 127, 143], [0, 2, 2, 2], [1, 1, 1], [1, 1, 0], 33469/65536),
 ([3, 26, 33, 49], [0, 1, 1, 1], [1, 1, 1], [1, 1, 0], 16033/32768),
 ([3, 13, 42, 49], [0, 1, 1], [0, 1, 1], [0, 1, 0], 16033/32768),
 ([7, 39, 46, 68], [0, 1, 1], [0, 1, 1], [0, 0, 1], 32065/65536),
 ([23, 46, 52, 52], [0, 1, 1, 1], [1, 1, 1], [0, 1, 0], 32063/65536),
 ([0, 88, 98, 143], [0, 1, 3, 3], [1, 1, 1], [0, 0, 0], 32063/65536),
 ([3, 55, 78, 101], [0, 2, 2, 2], [1, 1, 1], [1, 1, 1], 16031/32768),
 ([7, 23, 36, 42], [0, 1, 1, 1], [1, 1, 1], [1, 0, 1], 32061/65536),
 ([3, 13, 42, 49], [0, 1, 1, 1], [1, 1, 1], [0, 1, 1], 32061/65536),
 ([3, 7, 36, 62], [0, 1, 1], [1, 0, 1], [0, 0, 1], 32061/65536),
 ([39, 59, 78, 91], [0, 2, 2, 2], [1, 1, 1], [1, 0, 1], 32061/65536),
 ([55, 68, 88, 130], [0, 2, 3, 3], [1, 1, 1], [0, 0, 0], 32061/65536),
 ([10, 39, 68, 114], [0, 2, 2, 2], [1, 1, 1], [1, 0, 0], 8015/16384),
 ([7, 29, 39, 49], [0, 1, 1, 1], [1, 1, 1], [0, 1, 1], 32059/65536),
 ([23, 36, 55, 104], [0, 2, 2, 2], [1, 1, 1], [1, 1, 0], 32059/65536),
 ([16, 36, 65, 114], [0, 2, 2, 2], [1, 1, 1], [1, 1, 1], 16029/32768),
 ([16, 29, 98, 172], [0, 3, 3, 3], [1, 1, 1], [1, 0, 1], 16029/32768),
 ([3, 20, 39, 55], [0, 1], [0, 1, 0], [0, 0, 1], 32057/65536),
 ([16, 36, 75, 137], [0, 1], [1, 0, 0], [0, 0, 0], 33479/65536),
 ([39, 52, 59, 75], [0, 2, 2], [0, 1, 1], [0, 0, 0], 32057/65536),
 ([3, 65, 75, 88], [0], [0, 0, 0], [1, 0, 1], 4007/8192),
 ([10, 29, 72, 120], [0, 2], [0, 1, 0], [1, 0, 1], 4007/8192),
 ([20, 39, 46, 78], [0, 1, 1, 1], [1, 1, 1], [0, 0, 0], 33481/65536),
 ([3, 42, 68, 179], [0, 2, 2, 2], [1, 1, 1], [0, 1, 0], 33481/65536),
 ([3, 20, 26, 62], [0, 1, 1, 1], [1, 1, 1], [0, 1, 0], 32055/65536),
 ([0, 26, 36, 189], [0, 2, 2, 2], [1, 1, 1], [1, 0, 1], 32055/65536),
 ([3, 16, 55, 68], [0, 1, 1], [0, 1, 1], [1, 0, 1], 16027/32768),
 ([0, 0, 78, 81], [0, 1, 1, 1], [1, 1, 1], [1, 0, 1], 32053/65536),
 ([0, 0, 68, 94], [0, 1, 1, 1], [1, 1, 1], [1, 0, 1], 32053/65536),
 ([0, 29, 29, 228], [0, 2, 2], [1, 0, 1], [0, 1, 0], 33483/65536),
 ([0, 52, 62, 62], [0, 1, 1, 1], [1, 1, 1], [1, 0, 0], 8013/16384),
 ([13, 23, 46, 150], [0, 2, 2, 2], [1, 1, 1], [1, 0, 0], 32051/65536),
 ([13, 16, 23, 65], [0, 1, 1, 1], [1, 1, 1], [0, 0, 1], 32049/65536),
 ([3, 13, 23, 81], [0, 1], [0, 1, 0], [1, 0, 1], 2003/4096),
 ([13, 49, 75, 202], [0, 3, 3, 3], [1, 1, 1], [0, 1, 1], 2003/4096),
 ([10, 13, 26, 68], [0, 1, 1, 1], [1, 1, 1], [1, 1, 0], 2003/4096),
 ([0, 42, 72, 185], [0, 2, 2, 2], [1, 1, 1], [1, 1, 0], 33491/65536),
 ([10, 13, 26, 172], [0, 2, 2, 2], [1, 1, 1], [1, 1, 0], 8011/16384),
 ([13, 20, 49, 98], [0, 1, 1, 1], [1, 1, 1], [0, 0, 1], 8373/16384),
 ([20, 55, 94, 133], [0, 2], [0, 0, 1], [0, 0, 1], 8011/16384),
 ([10, 75, 78, 81], [0, 2, 2, 2], [1, 1, 1], [1, 1, 1], 8011/16384),
 ([3, 29, 39, 49], [0, 1], [0, 0, 1], [0, 0, 0], 8011/16384),
 ([3, 39, 81, 101], [0, 2, 2, 2], [1, 1, 1], [1, 0, 1], 32041/65536),
 ([3, 3, 23, 208], [0, 2, 2, 2], [1, 1, 1], [0, 0, 0], 33495/65536),
 ([13, 26, 29, 270], [0, 3, 3], [1, 0, 1], [1, 1, 0], 32041/65536),
 ([0, 20, 72, 254], [1, 1, 2, 3], [1, 1, 1], [1, 1, 1], 4005/8192),
 ([10, 29, 68, 215], [0, 3, 3, 3], [1, 1, 1], [1, 1, 1], 32039/65536),
 ([7, 7, 39, 72], [0, 1, 1, 1], [1, 1, 1], [1, 1, 0], 32039/65536),
 ([26, 39, 68, 104], [0, 2, 2, 2], [1, 1, 1], [1, 0, 1], 32039/65536),
 ([23, 49, 75, 91], [0, 2, 2, 2], [1, 1, 1], [1, 0, 1], 32039/65536),
 ([29, 52, 75, 101], [0, 2], [1, 0, 0], [1, 1, 0], 32039/65536),
 ([3, 10, 20, 182], [0, 2, 2, 2], [1, 1, 1], [1, 0, 1], 32037/65536),
 ([10, 59, 65, 85], [0, 2, 2], [1, 1, 0], [0, 1, 0], 32035/65536),
 ([3, 29, 62, 289], [1, 1, 2, 3], [1, 1, 1], [0, 0, 0], 33501/65536),
 ([16, 20, 23, 55], [0, 1, 1], [1, 0, 1], [1, 1, 0], 16017/32768),
 ([10, 16, 36, 159], [0, 2, 2, 2], [1, 1, 1], [0, 0, 1], 32033/65536),
 ([3, 3, 114, 241], [0, 3, 3, 3], [1, 1, 1], [1, 1, 0], 32033/65536),
 ([52, 59, 85, 130], [0, 3, 3, 3], [1, 1, 1], [0, 0, 1], 1001/2048),
 ([16, 33, 49, 52], [0, 1, 1, 1], [1, 1, 1], [1, 0, 1], 32031/65536),
 ([3, 10, 52, 192], [0, 2, 2, 2], [1, 1, 1], [0, 1, 0], 16753/32768),
 ([10, 29, 49, 234], [0, 3, 3, 3], [1, 1, 1], [0, 0, 1], 32029/65536),
 ([16, 23, 55, 137], [0, 2, 2, 2], [1, 1, 1], [0, 0, 1], 32029/65536),
 ([0, 13, 59, 88], [0, 1, 1, 1], [1, 1, 1], [0, 1, 1], 32029/65536),
 ([0, 13, 26, 94], [0, 1, 1, 1], [1, 1, 1], [0, 1, 0], 8007/16384),
 ([42, 46, 81, 120], [0, 2, 2], [1, 0, 1], [0, 0, 1], 8007/16384),
 ([52, 62, 65, 182], [0, 3, 3, 3], [1, 1, 1], [0, 0, 0], 8007/16384),
 ([23, 59, 62, 65], [0, 2, 2, 2], [1, 1, 1], [1, 1, 0], 32027/65536),
 ([7, 10, 13, 75], [0, 1, 1, 1], [1, 1, 1], [1, 1, 1], 32027/65536),
 ([20, 20, 39, 81], [0, 1, 1, 1], [1, 1, 1], [0, 1, 1], 32027/65536),
 ([23, 26, 78, 189], [0, 2, 3, 3], [1, 1, 1], [1, 0, 1], 16755/32768),
 ([10, 42, 42, 75], [0, 1], [0, 1, 0], [0, 1, 0], 32025/65536),
 ([10, 39, 59, 101], [0, 2, 2, 2], [1, 1, 1], [0, 0, 0], 32025/65536),
 ([10, 52, 72, 179], [0, 3, 3], [1, 1, 0], [0, 1, 1], 32025/65536),
 ([13, 16, 23, 55], [0, 1, 1, 1], [1, 1, 1], [0, 1, 0], 32025/65536),
 ([0, 0, 65, 332], [0, 2, 2, 3], [1, 1, 1], [0, 0, 1], 33511/65536),
 ([7, 10, 26, 62], [0, 1, 1], [0, 1, 1], [1, 1, 0], 32025/65536),
 ([13, 29, 78, 104], [0, 2], [0, 0, 1], [1, 1, 1], 4003/8192),
 ([3, 33, 39, 94], [0], [0, 0, 0], [1, 1, 1], 4003/8192),
 ([10, 55, 107, 224], [0, 3], [1, 0, 0], [0, 1, 0], 4003/8192),
 ([3, 10, 23, 81], [0, 1], [1, 0, 0], [0, 1, 0], 4003/8192),
 ([7, 10, 10, 195], [0, 2, 2, 2], [1, 1, 1], [1, 1, 0], 16011/32768),
 ([3, 23, 39, 46], [0, 1, 1, 1], [1, 1, 1], [1, 1, 0], 16011/32768),
 ([0, 3, 52, 78], [0, 1, 1, 1], [1, 1, 1], [1, 1, 1], 32021/65536),
 ([0, 7, 13, 101], [0, 1, 1, 1], [1, 1, 1], [0, 0, 1], 8005/16384),
 ([16, 62, 124, 146], [0, 2, 3, 3], [1, 1, 1], [0, 1, 0], 32015/65536),
 ([10, 16, 68, 120], [0, 2, 2, 2], [1, 1, 1], [0, 0, 0], 8003/16384),
 ([3, 3, 20, 104], [0, 1, 1, 1], [1, 1, 1], [0, 1, 1], 33525/65536),
 ([10, 23, 46, 143], [0, 2, 2, 2], [1, 1, 1], [1, 1, 1], 32011/65536),
 ([3, 10, 13, 195], [0, 2, 2], [1, 0, 1], [1, 0, 1], 32011/65536),
 ([0, 16, 133, 159], [0, 2, 2, 2], [1, 1, 1], [1, 1, 1], 33525/65536),
 ([10, 13, 16, 68], [0, 1, 1, 1], [1, 1, 1], [1, 1, 0], 16005/32768),
 ([20, 46, 46, 94], [0, 1], [1, 0, 0], [1, 1, 1], 33529/65536),
 ([23, 49, 49, 78], [0, 1, 1], [1, 1, 0], [1, 1, 0], 16765/32768),
 ([7, 29, 65, 137], [0, 2, 2, 2], [1, 1, 1], [0, 1, 1], 8001/16384),
 ([3, 10, 20, 75], [0, 1, 1, 1], [1, 1, 1], [1, 1, 1], 32003/65536),
 ([3, 20, 46, 98], [0, 1, 1, 1], [1, 1, 1], [0, 1, 1], 33533/65536),
 ([16, 33, 85, 140], [0, 1], [1, 0, 0], [0, 1, 0], 16767/32768),
 ([42, 52, 55, 68], [0, 2, 2], [0, 1, 1], [0, 1, 1], 32001/65536),
 ([13, 49, 55, 88], [0, 1, 1], [0, 1, 1], [0, 0, 1], 131/256),
 ([0, 0, 29, 169], [0, 1, 1], [1, 0, 1], [0, 0, 1], 7999/16384),
 ([3, 10, 13, 91], [0, 1, 1], [0, 1, 1], [1, 1, 0], 31995/65536),
 ([0, 7, 52, 75], [0, 1, 1, 1], [1, 1, 1], [0, 1, 0], 15997/32768),
 ([7, 10, 133, 260], [1, 1, 3, 3], [1, 1, 1], [1, 0, 1], 33543/65536),
 ([0, 7, 143, 192], [0, 2, 3, 3], [1, 1, 1], [1, 1, 0], 33545/65536),
 ([0, 3, 120, 205], [0, 2, 3, 3], [1, 1, 1], [1, 1, 0], 33545/65536),
 ([10, 10, 101, 153], [0, 2], [0, 1, 0], [0, 1, 1], 15995/32768),
 ([0, 13, 59, 335], [0, 3, 3], [0, 1, 1], [1, 0, 1], 16773/32768),
 ([7, 16, 16, 104], [0, 1, 1, 1], [1, 1, 1], [0, 0, 0], 33547/65536),
 ([0, 49, 65, 75], [0, 1, 1, 1], [1, 1, 1], [0, 1, 0], 33547/65536),
 ([10, 20, 39, 85], [0, 1, 1, 1], [1, 1, 1], [1, 0, 1], 8387/16384),
 ([7, 23, 36, 46], [0, 1, 1], [1, 0, 1], [1, 0, 1], 31987/65536),
 ([23, 62, 65, 81], [0, 1, 1, 2], [1, 1, 1], [0, 1, 0], 16775/32768),
 ([0, 26, 46, 88], [0, 1, 1, 1], [1, 1, 1], [1, 1, 0], 33551/65536),
 ([42, 94, 104, 104], [0, 2, 3, 3], [1, 1, 1], [1, 1, 1], 15991/32768),
 ([0, 0, 111, 176], [1, 1, 1, 1], [1, 1, 1], [1, 0, 1], 16777/32768),
 ([7, 10, 20, 75], [0, 1, 1, 1], [1, 1, 1], [0, 0, 0], 15991/32768),
 ([10, 20, 52, 146], [0, 2, 2, 2], [1, 1, 1], [0, 0, 1], 31981/65536),
 ([39, 52, 62, 78], [0, 2, 2], [0, 1, 1], [0, 0, 0], 31981/65536),
 ([7, 65, 156, 163], [0, 3, 3, 3], [1, 1, 1], [0, 0, 0], 7995/16384),
 ([0, 13, 62, 267], [0, 2, 3, 3], [1, 1, 1], [1, 0, 0], 8389/16384),
 ([10, 29, 111, 211], [1, 1, 1, 2], [1, 1, 1], [1, 1, 1], 33557/65536),
 ([3, 16, 16, 91], [0, 1, 1, 1], [1, 1, 1], [0, 0, 0], 31977/65536),
 ([3, 13, 26, 91], [0], [0, 0, 0], [0, 1, 1], 3997/8192),
 ([10, 20, 42, 156], [0, 2], [1, 0, 0], [0, 1, 0], 3997/8192),
 ([10, 20, 39, 143], [0], [0, 0, 0], [1, 1, 1], 3997/8192),
 ([7, 10, 20, 101], [0], [0, 0, 0], [0, 1, 1], 3997/8192),
 ([10, 36, 39, 205], [1, 1, 1, 2], [1, 1, 1], [1, 0, 1], 31975/65536),
 ([23, 49, 65, 137], [0, 2, 2, 2], [1, 1, 1], [0, 0, 1], 31971/65536),
 ([3, 3, 26, 91], [0, 1, 1, 1], [1, 1, 1], [0, 0, 0], 31971/65536),
 ([20, 20, 52, 62], [0, 1, 1, 1], [1, 1, 1], [1, 0, 1], 15985/32768),
 ([10, 23, 33, 189], [0, 2, 2], [1, 1, 0], [0, 0, 1], 31967/65536),
 ([46, 78, 104, 137], [0, 1], [1, 0, 0], [0, 0, 1], 16785/32768),
 ([3, 23, 33, 59], [0, 1, 1, 1], [1, 1, 1], [1, 1, 0], 15983/32768),
 ([0, 3, 13, 101], [0, 1, 1, 1], [1, 1, 1], [0, 1, 1], 31965/65536),
 ([3, 55, 65, 68], [0, 1, 1, 1], [1, 1, 1], [1, 0, 1], 33575/65536),
 ([3, 7, 26, 221], [1, 1, 2, 2], [1, 1, 1], [1, 0, 1], 33575/65536),
 ([10, 20, 72, 94], [0], [0, 0, 0], [0, 0, 0], 3995/8192),
 ([0, 20, 36, 107], [0, 1, 1, 1], [1, 1, 1], [0, 0, 1], 8395/16384),
 ([39, 49, 91, 101], [0, 2, 2, 2], [1, 1, 1], [0, 1, 1], 7989/16384),
 ([20, 23, 36, 59], [0, 1, 1, 1], [1, 1, 1], [1, 1, 1], 7987/16384),
 ([3, 72, 124, 150], [0, 2], [0, 0, 1], [1, 1, 0], 16795/32768),
 ([20, 36, 81, 159], [0, 2, 2, 2], [1, 1, 1], [1, 1, 0], 33593/65536),
 ([3, 7, 23, 302], [0, 3, 3, 3], [1, 1, 1], [1, 0, 1], 33593/65536),
 ([7, 42, 114, 153], [0, 2, 2, 3], [1, 1, 1], [1, 0, 0], 16797/32768),
 ([10, 23, 39, 62], [0, 1, 1, 1], [1, 1, 1], [0, 0, 0], 7985/16384),
 ([26, 52, 59, 72], [0, 2, 2, 2], [1, 1, 1], [0, 1, 1], 31937/65536),
 ([0, 81, 85, 211], [0, 2], [0, 0, 1], [1, 0, 0], 16801/32768),
 ([23, 33, 33, 88], [0, 1, 1, 1], [1, 1, 1], [1, 0, 1], 16801/32768),
 ([7, 10, 78, 198], [0, 2, 2, 2], [1, 1, 1], [0, 1, 0], 8401/16384),
 ([10, 20, 88, 146], [0, 2], [0, 0, 1], [1, 0, 1], 7983/16384),
 ([0, 52, 72, 273], [1, 1, 3, 3], [1, 1, 1], [1, 0, 1], 7983/16384),
 ([7, 26, 33, 273], [0, 3, 3, 3], [1, 1, 1], [0, 1, 0], 31931/65536),
 ([7, 13, 26, 72], [0, 1, 1, 1], [1, 1, 1], [0, 0, 1], 31927/65536),
 ([10, 16, 39, 65], [0, 1, 1, 1], [1, 1, 1], [0, 0, 1], 31927/65536),
 ([3, 7, 75, 306], [1, 1, 3, 3], [1, 1, 1], [0, 0, 1], 33611/65536),
 ([3, 7, 10, 91], [0, 1, 1, 1], [1, 1, 1], [1, 1, 0], 7981/16384),
 ([0, 36, 49, 65], [0, 1, 1, 1], [1, 1, 1], [1, 0, 1], 31923/65536),
 ([3, 36, 85, 205], [0, 2], [0, 0, 1], [1, 1, 0], 16807/32768),
 ([0, 33, 72, 75], [0, 1], [0, 1, 0], [0, 0, 0], 31921/65536),
 ([10, 29, 59, 72], [0, 1, 1, 1], [1, 1, 1], [1, 1, 1], 33621/65536),
 ([23, 59, 78, 192], [0, 2], [1, 0, 0], [1, 1, 0], 33621/65536),
 ([3, 23, 36, 49], [0, 1, 1], [1, 1, 0], [0, 0, 0], 31913/65536),
 ([7, 7, 72, 166], [0, 2], [1, 0, 0], [1, 1, 1], 3989/8192),
 ([3, 3, 52, 75], [0, 1, 1, 1], [1, 1, 1], [0, 1, 0], 15955/32768),
 ([0, 52, 78, 205], [0, 2, 2], [1, 1, 0], [1, 0, 1], 16813/32768),
 ([7, 10, 104, 241], [1, 1, 2, 3], [1, 1, 1], [1, 0, 1], 33627/65536),
 ([16, 26, 140, 166], [0, 3, 3, 3], [1, 1, 1], [0, 1, 0], 31909/65536),
 ([20, 29, 52, 130], [0, 1, 2, 2], [1, 1, 1], [0, 0, 0], 33627/65536),
 ([33, 39, 59, 228], [0, 2, 3, 3], [1, 1, 1], [0, 1, 1], 33627/65536),
 ([20, 23, 42, 85], [0, 1, 1, 1], [1, 1, 1], [0, 1, 0], 33627/65536),
 ([10, 16, 163, 179], [0, 3, 3, 3], [1, 1, 1], [0, 0, 1], 7977/16384),
 ([10, 23, 81, 114], [0, 2, 2, 2], [1, 1, 1], [1, 0, 1], 31903/65536),
 ([3, 20, 23, 78], [0, 1, 1, 1], [1, 1, 1], [1, 0, 1], 31903/65536),
 ([0, 36, 140, 150], [0, 2, 2, 3], [1, 1, 1], [0, 0, 1], 31899/65536),
 ([13, 26, 33, 36], [0, 1, 1, 1], [1, 1, 1], [1, 1, 0], 31899/65536),
 ([13, 29, 88, 104], [0, 2, 2, 2], [1, 1, 1], [1, 0, 1], 15949/32768),
 ([20, 26, 65, 195], [0, 2, 2], [0, 1, 1], [1, 0, 0], 33639/65536),
 ([16, 23, 55, 117], [0, 2, 2, 2], [1, 1, 1], [0, 1, 0], 31897/65536),
 ([39, 59, 62, 120], [0, 1, 2, 2], [1, 1, 1], [0, 1, 1], 4205/8192),
 ([20, 33, 36, 49], [0, 1, 1, 1], [1, 1, 1], [0, 1, 1], 3987/8192),
 ([16, 20, 42, 46], [0, 1, 1, 1], [1, 1, 1], [1, 0, 1], 15947/32768),
 ([39, 68, 120, 120], [0, 2, 2, 3], [1, 1, 1], [0, 0, 0], 15947/32768),
 ([62, 85, 104, 127], [0, 3, 3, 3], [1, 1, 1], [0, 0, 0], 7973/16384),
 ([0, 49, 59, 78], [0, 1, 1, 1], [1, 1, 1], [0, 1, 1], 31891/65536),
 ([3, 7, 10, 104], [0, 1, 1, 1], [1, 1, 1], [0, 1, 1], 33645/65536),
 ([3, 7, 42, 88], [0, 1, 1, 1], [1, 1, 1], [0, 1, 0], 16823/32768),
 ([0, 59, 75, 156], [0, 2, 2], [1, 1, 0], [1, 0, 1], 15943/32768),
 ([0, 10, 88, 182], [0, 2, 2, 2], [1, 1, 1], [0, 0, 1], 15943/32768),
 ([0, 16, 81, 114], [0, 1, 2], [1, 0, 1], [0, 0, 1], 31885/65536),
 ([0, 0, 49, 322], [0, 2, 3, 3], [1, 1, 1], [1, 1, 1], 33651/65536),
 ([33, 88, 88, 107], [0, 2], [0, 0, 1], [1, 0, 0], 15941/32768),
 ([7, 20, 29, 88], [0, 1, 1, 1], [1, 1, 1], [1, 1, 1], 33655/65536),
 ([16, 42, 75, 140], [0, 1, 2, 2], [1, 1, 1], [0, 0, 0], 4207/8192),
 ([52, 65, 127, 146], [0, 2, 3, 3], [1, 1, 1], [1, 1, 0], 4207/8192),
 ([0, 10, 62, 68], [0, 1, 1, 1], [1, 1, 1], [1, 0, 0], 31877/65536),
 ([3, 16, 39, 52], [0, 1, 1], [1, 1, 0], [1, 0, 1], 15937/32768),
 ([7, 23, 33, 49], [0, 1, 1, 1], [1, 1, 1], [1, 0, 1], 15937/32768),
 ([3, 39, 75, 234], [0, 2, 3], [0, 1, 1], [0, 1, 0], 33665/65536),
 ([55, 75, 85, 124], [0, 1, 2, 2], [1, 1, 1], [0, 0, 1], 16833/32768),
 ([36, 46, 65, 75], [0, 1, 2, 2], [1, 1, 1], [0, 0, 0], 7967/16384),
 ([0, 72, 101, 137], [0, 2, 2, 2], [1, 1, 1], [0, 0, 0], 15933/32768),
 ([0, 3, 10, 202], [0, 2, 2, 2], [1, 1, 1], [0, 1, 0], 15933/32768),
 ([0, 29, 68, 169], [0, 2, 2, 2], [1, 1, 1], [1, 0, 1], 31865/65536),
 ([0, 7, 33, 195], [0, 2, 2, 2], [1, 1, 1], [0, 1, 1], 31865/65536),
 ([0, 3, 29, 91], [0, 1, 1, 1], [1, 1, 1], [0, 1, 1], 31865/65536),
 ([16, 36, 107, 159], [0, 3, 3, 3], [1, 1, 1], [0, 0, 1], 3983/8192),
 ([13, 23, 75, 85], [0], [0, 0, 0], [1, 1, 0], 31863/65536),
 ([3, 13, 39, 55], [0, 1], [0, 1, 0], [0, 1, 0], 15931/32768),
 ([7, 10, 81, 276], [1, 1, 3, 3], [1, 1, 1], [1, 0, 1], 31861/65536),
 ([0, 26, 33, 198], [0, 2, 2, 2], [1, 1, 1], [1, 1, 1], 33675/65536),
 ([3, 29, 39, 104], [0, 1, 1, 1], [1, 1, 1], [0, 0, 1], 8419/16384),
 ([0, 0, 72, 293], [1, 1, 3], [1, 0, 1], [0, 0, 0], 33677/65536),
 ([10, 26, 62, 124], [0, 2, 2, 2], [1, 1, 1], [1, 1, 0], 1991/4096),
 ([0, 10, 23, 88], [0, 1, 1, 1], [1, 1, 1], [0, 1, 0], 31855/65536),
 ([0, 3, 153, 159], [0, 2, 2, 3], [1, 1, 1], [0, 1, 1], 15927/32768),
 ([26, 36, 52, 124], [0, 2, 2], [1, 1, 0], [0, 0, 0], 7963/16384),
 ([26, 39, 65, 146], [0, 1, 2, 2], [1, 1, 1], [0, 0, 1], 4211/8192),
 ([16, 23, 65, 101], [0, 1], [0, 1, 0], [0, 1, 0], 33689/65536),
 ([0, 7, 39, 111], [0, 1, 1], [1, 0, 1], [0, 1, 0], 16845/32768),
 ([0, 0, 72, 117], [0, 1, 1, 1], [1, 1, 1], [0, 0, 0], 33695/65536),
 ([0, 7, 29, 94], [0, 1, 1, 1], [1, 1, 1], [1, 0, 0], 16851/32768),
 ([13, 23, 39, 49], [0, 1, 1, 1], [1, 1, 1], [1, 0, 0], 31833/65536),
 ([10, 59, 133, 153], [0, 2, 3, 3], [1, 1, 1], [1, 1, 0], 33705/65536),
 ([10, 13, 26, 62], [0, 1, 1, 1], [1, 1, 1], [1, 0, 1], 15915/32768),
 ([20, 36, 46, 215], [0, 2, 3, 3], [1, 1, 1], [1, 0, 0], 33709/65536),
 ([0, 16, 62, 68], [0, 1, 1, 1], [1, 1, 1], [0, 0, 0], 31827/65536),
 ([16, 20, 39, 55], [0, 1, 1, 1], [1, 1, 1], [1, 0, 0], 1989/4096),
 ([13, 20, 42, 55], [0, 1, 1, 1], [1, 1, 1], [1, 0, 1], 31823/65536),
 ([29, 46, 49, 65], [0, 1, 1, 1], [1, 1, 1], [1, 0, 1], 33715/65536),
 ([10, 36, 59, 62], [0, 1, 1, 1], [1, 1, 1], [1, 0, 0], 8429/16384),
 ([0, 29, 65, 247], [1, 1, 2, 3], [1, 1, 1], [1, 0, 0], 8429/16384),
 ([23, 39, 46, 101], [0, 2, 2, 2], [1, 1, 1], [0, 1, 0], 15909/32768),
 ([33, 55, 55, 146], [0, 2, 2, 2], [1, 1, 1], [0, 0, 0], 31817/65536),
 ([0, 7, 16, 104], [0, 1, 1], [1, 1, 0], [1, 1, 0], 4215/8192),
 ([39, 65, 107, 127], [0, 2, 2, 2], [1, 1, 1], [1, 1, 0], 4215/8192),
 ([3, 3, 20, 85], [0, 1, 1, 1], [1, 1, 1], [1, 0, 0], 31815/65536),
 ([0, 16, 46, 81], [0, 1, 1, 1], [1, 1, 1], [1, 0, 1], 31813/65536),
 ([13, 26, 33, 52], [0, 1, 1, 1], [1, 1, 1], [0, 1, 0], 15905/32768),
 ([0, 3, 101, 156], [0, 2, 2, 2], [1, 1, 1], [1, 1, 0], 31809/65536),
 ([0, 3, 55, 75], [0, 1, 1, 1], [1, 1, 1], [1, 1, 0], 31809/65536),
 ([13, 29, 42, 62], [0, 1, 1, 1], [1, 1, 1], [0, 0, 1], 31809/65536),
 ([16, 33, 49, 150], [0, 2, 2, 2], [1, 1, 1], [0, 0, 0], 31807/65536),
 ([10, 68, 78, 94], [0, 2, 2, 2], [1, 1, 1], [0, 1, 0], 31805/65536),
 ([7, 23, 39, 98], [0, 1], [1, 0, 0], [1, 1, 0], 8433/16384),
 ([3, 16, 46, 49], [0, 1, 1, 1], [1, 1, 1], [1, 1, 1], 3975/8192),
 ([3, 16, 85, 91], [0, 1, 1, 1], [1, 1, 1], [0, 0, 1], 33737/65536),
 ([7, 33, 107, 163], [0, 2, 2, 2], [1, 1, 1], [0, 1, 0], 16869/32768),
 ([0, 10, 65, 114], [0, 1, 1, 1], [1, 1, 1], [0, 1, 1], 33741/65536),
 ([23, 23, 91, 127], [0, 2, 2, 2], [1, 1, 1], [1, 0, 1], 1987/4096),
 ([0, 20, 39, 98], [0, 1, 1, 1], [1, 1, 1], [1, 1, 1], 33745/65536),
 ([0, 26, 55, 59], [0, 1, 1, 1], [1, 1, 1], [1, 1, 0], 15895/32768),
 ([7, 7, 16, 205], [0, 2, 2], [1, 1, 0], [1, 0, 0], 16877/32768),
 ([20, 72, 124, 176], [0, 3, 3], [1, 0, 1], [0, 1, 0], 31777/65536),
 ([10, 62, 91, 137], [0, 1, 2, 2], [1, 1, 1], [0, 0, 0], 16881/32768),
 ([0, 3, 36, 101], [0, 1, 1], [1, 1, 0], [0, 0, 0], 15885/32768),
 ([10, 20, 94, 114], [0, 2, 2, 2], [1, 1, 1], [1, 1, 0], 15885/32768),
 ([0, 39, 101, 146], [0, 2, 2, 2], [1, 1, 1], [0, 0, 0], 31769/65536),
 ([7, 36, 127, 163], [0, 3, 3, 3], [1, 1, 1], [1, 1, 1], 3971/8192),
 ([0, 29, 59, 75], [0, 1, 1, 1], [1, 1, 1], [0, 1, 1], 15883/32768),
 ([3, 52, 85, 88], [0, 2, 2, 2], [1, 1, 1], [1, 0, 0], 15883/32768),
 ([3, 36, 62, 65], [0, 1, 1, 1], [1, 1, 1], [1, 0, 0], 16885/32768),
 ([0, 0, 20, 114], [0, 1, 1, 1], [1, 1, 1], [1, 1, 0], 33771/65536),
 ([0, 16, 49, 68], [0, 1, 1, 1], [1, 1, 1], [1, 0, 0], 31765/65536),
 ([10, 13, 88, 179], [0, 2, 2, 2], [1, 1, 1], [0, 1, 0], 16887/32768),
 ([0, 26, 36, 78], [0, 1, 1, 1], [1, 1, 1], [1, 0, 1], 31757/65536),
 ([13, 20, 33, 52], [0, 1, 1, 1], [1, 1, 1], [1, 0, 0], 7939/16384),
 ([16, 23, 39, 104], [0, 1, 1, 1], [1, 1, 1], [0, 1, 1], 33781/65536),
 ([3, 36, 39, 150], [0, 2, 2, 2], [1, 1, 1], [1, 0, 1], 31755/65536),
 ([0, 16, 26, 111], [0, 1, 1, 1], [1, 1, 1], [0, 1, 1], 33781/65536),
 ([3, 10, 68, 81], [0, 1], [1, 0, 0], [1, 1, 1], 33783/65536),
 ([7, 13, 91, 270], [0, 3, 3, 3], [1, 1, 1], [1, 0, 1], 33785/65536),
 ([3, 16, 20, 107], [0, 1], [0, 0, 1], [1, 0, 0], 16893/32768),
 ([0, 3, 75, 78], [0, 1, 1, 1], [1, 1, 1], [1, 0, 1], 16893/32768),
 ([7, 10, 68, 244], [0, 2, 3], [1, 1, 0], [0, 0, 0], 8447/16384),
 ([10, 16, 39, 49], [0, 1, 1, 1], [1, 1, 1], [1, 0, 0], 7937/16384),
 ([3, 16, 68, 107], [0, 1], [0, 1, 0], [0, 1, 1], 16895/32768),
 ([7, 52, 107, 159], [0, 3, 3], [0, 1, 1], [1, 0, 0], 31745/65536),
 ([3, 33, 133, 163], [0, 1, 3, 3], [1, 1, 1], [0, 1, 0], 33/64),
 ([0, 36, 42, 111], [0, 1, 1, 1], [1, 1, 1], [0, 1, 1], 33/64),
 ([3, 46, 49, 150], [0, 2, 2, 2], [1, 1, 1], [0, 0, 1], 31743/65536),
 ([13, 42, 52, 208], [0, 2, 3, 3], [1, 1, 1], [1, 1, 0], 33793/65536),
 ([16, 39, 49, 78], [0, 1, 1, 1], [1, 1, 1], [1, 1, 1], 16897/32768),
 ([0, 78, 88, 124], [0, 2, 2, 2], [1, 1, 1], [1, 1, 0], 15871/32768),
 ([13, 78, 81, 172], [0, 2, 2, 3], [1, 1, 1], [1, 0, 1], 33795/65536),
 ([0, 59, 153, 159], [0, 2, 2, 3], [1, 1, 1], [1, 1, 0], 33795/65536),
 ([13, 26, 52, 127], [0, 2], [0, 1, 0], [0, 1, 0], 31741/65536),
 ([10, 29, 39, 254], [0, 3, 3, 3], [1, 1, 1], [0, 0, 0], 7935/16384),
 ([0, 0, 42, 120], [0, 1, 1, 1], [1, 1, 1], [1, 0, 0], 8449/16384),
 ([23, 42, 62, 104], [0, 2, 2, 2], [1, 1, 1], [1, 0, 1], 31739/65536),
 ([13, 16, 36, 52], [0, 1, 1, 1], [1, 1, 1], [0, 1, 1], 31739/65536),
 ([0, 7, 23, 215], [0, 2, 2], [1, 0, 1], [0, 0, 0], 16899/32768),
 ([16, 42, 55, 72], [0, 1, 1], [1, 1, 0], [1, 1, 0], 16899/32768),
 ([0, 13, 29, 111], [0, 1, 1], [1, 0, 1], [0, 1, 0], 16899/32768),
 ([0, 10, 33, 114], [0, 1, 1], [1, 0, 1], [0, 1, 0], 16899/32768),
 ([13, 20, 65, 72], [0, 1, 1, 1], [1, 1, 1], [1, 1, 1], 33799/65536),
 ([3, 33, 85, 159], [0, 1, 2, 2], [1, 1, 1], [0, 0, 1], 33801/65536),
 ([16, 20, 29, 49], [0, 1, 1, 1], [1, 1, 1], [1, 0, 1], 31735/65536),
 ([26, 62, 88, 159], [0, 2, 3, 3], [1, 1, 1], [0, 0, 0], 31735/65536),
 ([13, 29, 42, 137], [0, 2, 2], [0, 1, 1], [1, 0, 0], 15867/32768),
 ([33, 36, 55, 88], [0, 2, 2, 2], [1, 1, 1], [0, 1, 0], 7933/16384),
 ([16, 85, 98, 114], [0, 3, 3, 3], [1, 1, 1], [0, 1, 0], 7933/16384),
 ([13, 23, 29, 42], [0, 1, 1, 1], [1, 1, 1], [1, 0, 1], 31731/65536),
 ([20, 26, 46, 117], [0, 2, 2, 2], [1, 1, 1], [0, 0, 1], 31731/65536),
 ([3, 7, 49, 52], [0, 1, 1, 1], [1, 1, 1], [0, 0, 1], 31731/65536),
 ([0, 0, 78, 124], [0, 1, 1, 1], [1, 1, 1], [0, 1, 1], 31731/65536),
 ([10, 13, 55, 68], [0], [0, 0, 0], [1, 0, 1], 15865/32768),
 ([3, 7, 10, 29], [0], [0, 0, 0], [0, 0, 1], 15865/32768),
 ([3, 13, 16, 133], [0], [0, 0, 0], [1, 1, 1], 15865/32768),
 ([3, 33, 36, 59], [0, 1], [1, 0, 0], [0, 0, 1], 15865/32768),
 ([3, 13, 65, 78], [0, 1, 1, 1], [1, 1, 1], [1, 1, 1], 16903/32768),
 ([7, 13, 20, 65], [0, 1, 1], [1, 0, 1], [0, 1, 0], 15865/32768),
 ([3, 13, 16, 94], [0, 1], [1, 0, 0], [0, 1, 1], 15865/32768),
 ([0, 3, 16, 94], [0, 1, 1, 1], [1, 1, 1], [1, 1, 0], 31729/65536),
 ([0, 0, 7, 7], [0, 0], [0, 0, 1], [0, 1, 1], 2113/4096),
 ([0, 0, 3, 3], [0, 0], [1, 0, 0], [0, 1, 1], 2113/4096),
 ([3, 33, 120, 153], [0, 1, 2, 2], [1, 1, 1], [0, 0, 1], 16905/32768),
 ([3, 7, 49, 88], [0, 1, 1, 1], [1, 1, 1], [0, 1, 0], 16905/32768),
 ([0, 0, 3, 117], [0, 1, 1, 1], [1, 1, 1], [1, 1, 1], 33811/65536),
 ([0, 0, 3, 130], [0, 1, 1, 1], [1, 1, 1], [0, 0, 1], 33811/65536),
 ([0, 0, 3, 120], [0, 1, 1, 1], [1, 1, 1], [1, 0, 1], 33811/65536),
 ([0, 0, 7, 120], [0, 1, 1, 1], [1, 1, 1], [1, 1, 1], 33811/65536),
 ([0, 0, 7, 146], [0, 1, 1, 1], [1, 1, 1], [0, 1, 1], 33811/65536),
 ([0, 0, 26, 137], [0, 1, 1, 1], [1, 1, 1], [0, 1, 1], 33811/65536),
 ([0, 0, 16, 143], [0, 1, 1, 1], [1, 1, 1], [1, 0, 1], 33811/65536),
 ([0, 0, 23, 348], [0, 2, 2, 3], [1, 1, 1], [1, 0, 1], 33811/65536),
 ([0, 0, 3, 367], [0, 3, 3, 3], [1, 1, 1], [0, 1, 1], 33811/65536),
 ([0, 0, 20, 338], [0, 3, 3, 3], [1, 1, 1], [0, 0, 1], 33811/65536),
 ([0, 0, 33, 312], [0, 2, 2, 2], [1, 1, 1], [1, 0, 1], 33811/65536),
 ([0, 0, 26, 341], [0, 3, 3, 3], [1, 1, 1], [1, 1, 1], 33811/65536),
 ([0, 0, 20, 371], [0, 2, 2, 3], [1, 1, 1], [1, 0, 1], 33811/65536),
 ([0, 0, 3, 120], [0, 1, 1, 1], [1, 1, 1], [0, 1, 1], 33811/65536),
 ([0, 0, 3, 143], [0, 1, 1, 1], [1, 1, 1], [0, 0, 1], 33811/65536),
 ([0, 0, 7, 218], [0, 2, 2, 2], [1, 1, 1], [0, 0, 1], 33811/65536),
 ([0, 0, 29, 137], [0, 1, 1, 1], [1, 1, 1], [0, 1, 1], 33811/65536),
 ([0, 0, 3, 234], [0, 2, 2, 2], [1, 1, 1], [1, 1, 1], 33811/65536),
 ([0, 0, 3, 176], [0, 1, 1, 1], [1, 1, 1], [0, 1, 1], 33811/65536),
 ([0, 0, 7, 111], [0, 1, 1, 1], [1, 1, 1], [1, 0, 1], 33811/65536),
 ([0, 0, 16, 137], [0, 1, 1, 1], [1, 1, 1], [1, 1, 1], 33811/65536),
 ([0, 0, 10, 364], [0, 3, 3, 3], [1, 1, 1], [0, 0, 1], 33811/65536),
 ([0, 0, 39, 280], [0, 2, 2, 2], [1, 1, 1], [0, 1, 1], 33811/65536),
 ([0, 0, 3, 202], [0, 1, 1, 1], [1, 1, 1], [0, 1, 1], 33811/65536),
 ([0, 0, 10, 169], [0, 1, 1, 1], [1, 1, 1], [0, 1, 1], 33811/65536),
 ([0, 0, 3, 117], [0, 1, 1, 1], [1, 1, 1], [0, 0, 1], 33811/65536),
 ([0, 0, 10, 237], [0, 2, 2, 2], [1, 1, 1], [0, 1, 1], 33811/65536),
 ([0, 0, 33, 124], [0, 1, 1, 1], [1, 1, 1], [1, 0, 1], 33811/65536),
 ([0, 0, 3, 374], [0, 2, 2, 3], [1, 1, 1], [0, 1, 1], 33811/65536),
 ([0, 0, 7, 130], [0, 1, 1, 1], [1, 1, 1], [0, 1, 1], 33811/65536),
 ([0, 0, 3, 163], [0, 1, 1, 1], [1, 1, 1], [0, 0, 1], 33811/65536),
 ([0, 0, 3, 202], [0, 1, 1, 1], [1, 1, 1], [0, 1, 1], 33811/65536),
 ([0, 0, 7, 358], [0, 3, 3, 3], [1, 1, 1], [0, 0, 1], 33811/65536),
 ([0, 0, 3, 192], [0, 1, 1, 1], [1, 1, 1], [0, 0, 1], 33811/65536),
 ([0, 0, 3, 143], [0, 1, 1, 1], [1, 1, 1], [0, 1, 1], 33811/65536),
 ([0, 0, 16, 124], [0, 1, 1, 1], [1, 1, 1], [0, 1, 1], 33811/65536),
 ([0, 0, 13, 166], [0, 1, 1, 1], [1, 1, 1], [0, 1, 1], 33811/65536),
 ([0, 0, 7, 406], [0, 3, 3, 3], [1, 1, 1], [1, 0, 1], 33811/65536),
 ([0, 0, 3, 137], [0, 1, 1, 1], [1, 1, 1], [1, 0, 1], 33811/65536),
 ([0, 0, 10, 153], [0, 1, 1, 1], [1, 1, 1], [0, 1, 1], 33811/65536),
 ([0, 0, 3, 156], [0, 1, 1, 1], [1, 1, 1], [1, 1, 1], 33811/65536),
 ([0, 0, 16, 156], [0, 1, 1, 1], [1, 1, 1], [0, 0, 1], 33811/65536),
 ([0, 0, 10, 159], [0, 1, 1, 1], [1, 1, 1], [0, 1, 1], 33811/65536),
 ([0, 0, 13, 127], [0, 1, 1, 1], [1, 1, 1], [0, 0, 1], 33811/65536),
 ([0, 0, 3, 172], [0, 1, 1, 1], [1, 1, 1], [1, 1, 1], 33811/65536),
 ([0, 0, 59, 247], [1, 1, 2, 2], [1, 1, 1], [1, 0, 1], 33811/65536),
 ([0, 0, 3, 111], [0, 1, 1, 1], [1, 1, 1], [0, 1, 1], 33811/65536),
 ([0, 0, 7, 189], [0, 1, 1, 1], [1, 1, 1], [0, 0, 1], 33811/65536),
 ([0, 0, 16, 400], [0, 3, 3, 3], [1, 1, 1], [0, 1, 1], 33811/65536),
 ([20, 23, 55, 133], [0, 1, 2, 2], [1, 1, 1], [0, 1, 0], 4227/8192),
 ([13, 39, 52, 124], [0, 2, 2, 2], [1, 1, 1], [0, 0, 0], 3965/8192),
 ([49, 49, 68, 104], [0, 2, 2, 2], [1, 1, 1], [1, 1, 0], 31717/65536),
 ([39, 39, 81, 146], [0, 2, 2, 2], [1, 1, 1], [0, 0, 1], 31715/65536),
 ([0, 13, 49, 78], [0, 1, 1, 1], [1, 1, 1], [0, 0, 0], 31715/65536),
 ([13, 13, 78, 98], [0, 1, 1, 1], [1, 1, 1], [0, 1, 1], 33825/65536),
 ([7, 10, 16, 156], [0, 1], [1, 0, 0], [1, 0, 1], 16913/32768),
 ([7, 10, 52, 52], [0, 1, 1], [1, 1, 0], [1, 1, 1], 15855/32768),
 ([10, 10, 29, 176], [0, 2, 2, 2], [1, 1, 1], [1, 1, 0], 7927/16384),
 ([10, 10, 36, 65], [0, 1, 1, 1], [1, 1, 1], [1, 0, 0], 31707/65536),
 ([0, 52, 59, 176], [0, 1, 2, 2], [1, 1, 1], [0, 0, 0], 33829/65536),
 ([7, 7, 33, 68], [0, 1, 1, 1], [1, 1, 1], [1, 1, 1], 31705/65536),
 ([0, 13, 49, 91], [0, 1, 1], [0, 1, 1], [0, 1, 1], 31701/65536),
 ([3, 23, 26, 72], [0, 1, 1, 1], [1, 1, 1], [0, 1, 1], 15849/32768),
 ([16, 26, 42, 68], [0, 1, 1], [0, 1, 1], [0, 1, 0], 31697/65536),
 ([0, 0, 3, 153], [0, 1, 1], [1, 0, 1], [1, 1, 1], 1981/4096),
 ([20, 33, 65, 68], [0, 1, 1, 1], [1, 1, 1], [0, 0, 0], 2115/4096),
 ([0, 0, 3, 192], [0, 1, 1], [0, 1, 1], [1, 1, 1], 1981/4096),
 ([13, 20, 36, 120], [0, 1], [0, 1, 0], [0, 0, 0], 2115/4096),
 ([0, 0, 10, 120], [0, 1, 1], [1, 0, 1], [0, 1, 1], 1981/4096),
 ([0, 0, 13, 159], [0, 1, 1], [0, 1, 1], [0, 0, 1], 1981/4096),
 ([10, 33, 33, 59], [0, 1, 1, 1], [1, 1, 1], [0, 1, 0], 31695/65536),
 ([3, 23, 62, 140], [0, 1, 2, 2], [1, 1, 1], [0, 1, 0], 33841/65536),
 ([0, 20, 59, 75], [0, 1, 1, 1], [1, 1, 1], [0, 0, 1], 31695/65536),
 ([0, 36, 52, 78], [0, 1, 1, 1], [1, 1, 1], [0, 1, 1], 31693/65536),
 ([26, 46, 59, 85], [0, 2, 2, 2], [1, 1, 1], [0, 1, 0], 7923/16384),
 ([3, 3, 29, 166], [0, 1], [1, 0, 0], [0, 1, 0], 8461/16384),
 ([0, 10, 23, 137], [0, 1], [0, 0, 1], [0, 1, 0], 33845/65536),
 ([0, 23, 104, 182], [0, 1, 2, 2], [1, 1, 1], [0, 1, 1], 33845/65536),
 ([7, 29, 29, 72], [0, 1, 1, 1], [1, 1, 1], [0, 1, 1], 15843/32768),
 ([13, 20, 176, 176], [0, 3, 3], [1, 1, 0], [0, 0, 0], 31685/65536),
 ([0, 7, 182, 189], [0, 2, 2, 3], [1, 1, 1], [1, 0, 0], 16927/32768),
 ([0, 26, 26, 270], [0, 2, 3], [1, 1, 0], [0, 1, 1], 15841/32768),
 ([20, 20, 26, 72], [0, 1, 1, 1], [1, 1, 1], [1, 0, 1], 15839/32768),
 ([3, 36, 78, 98], [0, 1, 1, 2], [1, 1, 1], [0, 0, 1], 33861/65536),
 ([10, 20, 81, 111], [0, 2, 2, 2], [1, 1, 1], [1, 0, 1], 31675/65536),
 ([46, 46, 55, 120], [0, 2, 2, 2], [1, 1, 1], [1, 1, 1], 3959/8192),
 ([0, 3, 130, 257], [0, 3, 3, 3], [1, 1, 1], [0, 0, 1], 15835/32768),
 ([3, 3, 52, 72], [0, 1, 1, 1], [1, 1, 1], [0, 0, 1], 15835/32768),
 ([0, 7, 42, 75], [0, 1, 1, 1], [1, 1, 1], [1, 0, 0], 15835/32768),
 ([3, 3, 42, 72], [0, 1, 1, 1], [1, 1, 1], [0, 0, 1], 15835/32768),
 ([0, 3, 107, 120], [0, 2, 2, 2], [1, 1, 1], [1, 0, 0], 15833/32768),
 ([16, 20, 52, 78], [0, 1, 1, 1], [1, 1, 1], [1, 0, 0], 16935/32768),
 ([0, 16, 16, 150], [0, 1], [1, 0, 0], [0, 0, 1], 15833/32768),
 ([0, 3, 169, 189], [0, 3, 3, 3], [1, 1, 1], [1, 0, 0], 15833/32768),
 ([0, 10, 10, 312], [0, 2], [1, 0, 0], [0, 1, 1], 15833/32768),
 ([0, 42, 98, 104], [0, 1, 1, 2], [1, 1, 1], [0, 1, 0], 33871/65536),
 ([13, 23, 26, 62], [0, 1, 1, 1], [1, 1, 1], [0, 0, 1], 1979/4096),
 ([7, 7, 62, 146], [0, 2, 2, 2], [1, 1, 1], [1, 0, 1], 7915/16384),
 ([20, 23, 49, 198], [0, 2, 2, 2], [1, 1, 1], [0, 1, 0], 33883/65536),
 ([3, 10, 52, 104], [0, 1, 1, 1], [1, 1, 1], [0, 1, 1], 33885/65536),
 ([10, 42, 98, 156], [0, 1, 2, 2], [1, 1, 1], [0, 0, 1], 33887/65536),
 ([3, 3, 23, 179], [0, 1], [0, 1, 0], [0, 1, 0], 1059/2048),
 ([0, 3, 49, 94], [0, 1, 1, 1], [1, 1, 1], [1, 1, 0], 33889/65536),
 ([23, 33, 59, 241], [0, 2, 3, 3], [1, 1, 1], [1, 0, 0], 16945/32768),
 ([0, 3, 72, 130], [0, 1, 1, 1], [1, 1, 1], [0, 1, 1], 33891/65536),
 ([10, 10, 33, 172], [0, 1, 2, 2], [1, 1, 1], [0, 0, 0], 8473/16384),
 ([26, 33, 59, 81], [0, 1, 1, 1], [1, 1, 1], [0, 0, 0], 33895/65536),
 ([13, 23, 55, 244], [0, 2], [1, 0, 0], [1, 1, 1], 4237/8192),
 ([3, 3, 49, 159], [0, 2, 2, 2], [1, 1, 1], [1, 0, 0], 31639/65536),
 ([0, 13, 20, 354], [0, 2], [0, 0, 1], [0, 1, 0], 8475/16384),
 ([7, 7, 29, 75], [0, 1, 1, 1], [1, 1, 1], [0, 1, 1], 7909/16384),
 ([0, 0, 20, 107], [0, 1, 1, 1], [1, 1, 1], [0, 0, 1], 7909/16384),
 ([0, 26, 65, 172], [0, 2, 2, 2], [1, 1, 1], [0, 0, 0], 31635/65536),
 ([0, 23, 88, 117], [0, 1, 1, 2], [1, 1, 1], [0, 0, 1], 33903/65536),
 ([0, 13, 75, 143], [0, 2, 2, 2], [1, 1, 1], [1, 0, 0], 31625/65536),
 ([0, 7, 36, 78], [0, 1, 1, 1], [1, 1, 1], [1, 1, 0], 31625/65536),
 ([0, 7, 42, 185], [0, 2, 2, 2], [1, 1, 1], [0, 1, 1], 31625/65536),
 ([0, 7, 101, 260], [0, 3, 3], [0, 1, 1], [1, 1, 1], 31625/65536),
 ([0, 55, 72, 267], [0, 2], [0, 0, 1], [0, 1, 0], 33911/65536),
 ([0, 7, 36, 75], [0, 1, 1, 1], [1, 1, 1], [1, 0, 0], 31625/65536),
 ([3, 20, 46, 91], [0, 1, 1, 1], [1, 1, 1], [1, 1, 1], 33913/65536),
 ([10, 36, 59, 85], [0, 1, 1, 1], [1, 1, 1], [0, 0, 0], 33915/65536),
 ([0, 10, 23, 91], [0, 1, 1, 1], [1, 1, 1], [0, 1, 1], 7905/16384),
 ([3, 13, 16, 117], [0, 1], [0, 1, 0], [0, 0, 1], 8479/16384),
 ([0, 16, 124, 208], [0, 2, 3, 3], [1, 1, 1], [1, 0, 1], 33917/65536),
 ([10, 39, 62, 198], [0, 2, 2, 2], [1, 1, 1], [0, 0, 0], 33917/65536),
 ([0, 0, 62, 111], [0, 1, 1, 1], [1, 1, 1], [0, 0, 1], 247/512),
 ([0, 10, 20, 91], [0, 1, 1], [1, 1, 0], [1, 1, 0], 31611/65536),
 ([3, 3, 10, 94], [0, 1, 1], [0, 1, 1], [0, 1, 0], 31611/65536),
 ([0, 16, 94, 189], [0, 2, 2, 2], [1, 1, 1], [1, 1, 0], 33929/65536),
 ([0, 3, 104, 247], [0, 3, 3, 3], [1, 1, 1], [1, 0, 0], 15803/32768),
 ([20, 20, 55, 153], [0, 2, 2, 2], [1, 1, 1], [0, 0, 0], 15803/32768),
 ([0, 23, 150, 150], [0, 1], [1, 0, 0], [0, 0, 0], 31605/65536),
 ([0, 20, 62, 68], [0, 1, 1], [0, 1, 1], [1, 1, 1], 31605/65536),
 ([0, 3, 7, 202], [0, 2, 2, 2], [1, 1, 1], [1, 1, 0], 7901/16384),
 ([3, 26, 46, 46], [0, 1, 1, 1], [1, 1, 1], [1, 1, 0], 15801/32768),
 ([0, 3, 42, 185], [0, 2, 2, 2], [1, 1, 1], [1, 0, 1], 31601/65536),
 ([0, 23, 166, 169], [0, 3, 3, 3], [1, 1, 1], [1, 1, 0], 15799/32768),
 ([16, 20, 46, 46], [0, 1, 1], [1, 0, 1], [1, 1, 0], 15799/32768),
 ([3, 65, 94, 172], [0, 2, 2, 2], [1, 1, 1], [1, 1, 1], 33939/65536),
 ([0, 3, 59, 205], [0, 2, 2], [1, 1, 0], [0, 1, 0], 15795/32768),
 ([7, 20, 42, 88], [0, 1, 1, 1], [1, 1, 1], [1, 0, 1], 16973/32768),
 ([0, 3, 94, 101], [0, 1, 1, 1], [1, 1, 1], [0, 0, 0], 33947/65536),
 ([10, 16, 26, 62], [0, 1, 1, 1], [1, 1, 1], [0, 1, 1], 987/2048),
 ([0, 23, 101, 130], [0, 2, 2, 2], [1, 1, 1], [1, 1, 0], 987/2048),
 ([20, 20, 29, 166], [0, 2, 2, 2], [1, 1, 1], [0, 0, 1], 31581/65536),
 ([0, 0, 55, 114], [0, 1, 1, 1], [1, 1, 1], [0, 1, 0], 8489/16384),
 ([0, 36, 78, 117], [0, 1, 2, 2], [1, 1, 1], [0, 1, 1], 7895/16384),
 ([0, 0, 59, 124], [0, 1, 1, 1], [1, 1, 1], [0, 1, 0], 8489/16384),
 ([3, 23, 26, 55], [0, 1, 1, 1], [1, 1, 1], [0, 1, 0], 31579/65536),
 ([0, 0, 62, 195], [0, 1, 2, 2], [1, 1, 1], [0, 1, 1], 3947/8192),
 ([0, 13, 16, 91], [0, 1, 1, 1], [1, 1, 1], [0, 1, 1], 3947/8192),
 ([10, 36, 52, 143], [0, 1, 2, 2], [1, 1, 1], [0, 1, 1], 16981/32768),
 ([10, 26, 46, 254], [0, 2, 3, 3], [1, 1, 1], [1, 0, 1], 8491/16384),
 ([26, 62, 62, 208], [0, 3, 3, 3], [1, 1, 1], [0, 1, 1], 7893/16384),
 ([0, 10, 26, 91], [0, 1, 1, 1], [1, 1, 1], [0, 0, 0], 31571/65536),
 ([0, 59, 68, 159], [0, 2], [0, 0, 1], [1, 0, 0], 31571/65536),
 ([0, 39, 72, 270], [0, 3, 3, 3], [1, 1, 1], [0, 0, 0], 31569/65536),
 ([3, 16, 81, 104], [0, 1, 1, 1], [1, 1, 1], [0, 0, 1], 2123/4096),
 ([20, 20, 36, 143], [0, 1], [0, 1, 0], [0, 1, 0], 16985/32768),
 ([13, 20, 65, 75], [0, 1, 1, 1], [1, 1, 1], [1, 0, 1], 33971/65536),
 ([3, 10, 101, 257], [0, 2, 3, 3], [1, 1, 1], [0, 1, 0], 4247/8192),
 ([52, 62, 62, 211], [1, 1, 1], [0, 1, 1], [1, 0, 1], 33977/65536),
 ([0, 85, 88, 120], [0, 2, 2, 2], [1, 1, 1], [1, 1, 0], 15779/32768),
 ([0, 3, 78, 94], [0, 1, 1, 1], [1, 1, 1], [0, 1, 0], 16989/32768),
 ([26, 26, 72, 133], [0, 2, 2, 2], [1, 1, 1], [0, 0, 1], 31555/65536),
 ([20, 20, 26, 59], [0, 1, 1], [1, 1, 0], [1, 0, 1], 31555/65536),
 ([13, 33, 39, 39], [0, 1, 1], [0, 1, 1], [1, 1, 0], 493/1024),
 ([0, 10, 33, 172], [0, 1, 2], [0, 1, 1], [1, 0, 1], 33985/65536),
 ([3, 20, 23, 176], [0, 1, 2], [1, 1, 0], [0, 0, 0], 8497/16384),
 ([0, 10, 55, 88], [0, 1, 1, 1], [1, 1, 1], [1, 1, 0], 33989/65536),
 ([7, 29, 52, 211], [0, 2], [1, 0, 0], [1, 0, 0], 4249/8192),
 ([0, 7, 81, 81], [0, 1], [1, 0, 0], [1, 0, 0], 31543/65536),
 ([3, 26, 117, 263], [1, 1], [1, 0, 0], [1, 0, 1], 15771/32768),
 ([20, 49, 75, 75], [0, 1, 2, 2], [1, 1, 1], [0, 1, 0], 15769/32768),
 ([7, 16, 55, 85], [0, 1, 1, 1], [1, 1, 1], [1, 1, 1], 34001/65536),
 ([3, 33, 33, 49], [0, 1, 1, 1], [1, 1, 1], [0, 1, 0], 31535/65536),
 ([7, 36, 62, 75], [0, 1, 1, 1], [1, 1, 1], [1, 1, 1], 34003/65536),
 ([0, 20, 23, 189], [0, 2, 2, 2], [1, 1, 1], [0, 0, 0], 31531/65536),
 ([7, 7, 39, 159], [0, 2, 2, 2], [1, 1, 1], [1, 1, 0], 15763/32768),
 ([26, 46, 91, 94], [0, 1], [0, 1, 0], [1, 0, 1], 34011/65536),
 ([7, 7, 75, 78], [0, 1, 1, 1], [1, 1, 1], [1, 1, 1], 8503/16384),
 ([3, 49, 49, 81], [0, 1, 1, 1], [1, 1, 1], [1, 1, 1], 17007/32768),
 ([0, 3, 59, 72], [0, 1, 1, 1], [1, 1, 1], [1, 0, 1], 31521/65536),
 ([0, 3, 20, 91], [0, 1, 1, 1], [1, 1, 1], [1, 0, 1], 31521/65536),
 ([0, 3, 81, 260], [0, 3, 3, 3], [1, 1, 1], [1, 0, 1], 31521/65536),
 ([7, 7, 36, 62], [0, 1, 1], [1, 0, 1], [0, 1, 1], 31519/65536),
 ([3, 10, 10, 85], [0, 1], [1, 0, 0], [1, 0, 0], 31519/65536),
 ([13, 46, 46, 143], [0, 2, 2, 2], [1, 1, 1], [0, 0, 1], 31517/65536),
 ([3, 3, 10, 91], [0, 1, 1, 1], [1, 1, 1], [0, 1, 0], 31517/65536),
 ([3, 3, 10, 91], [0, 1, 1, 1], [1, 1, 1], [0, 1, 0], 31517/65536),
 ([16, 46, 46, 146], [0, 2], [0, 0, 1], [1, 1, 1], 31517/65536),
 ([3, 3, 20, 81], [0, 1], [0, 1, 0], [0, 1, 0], 31517/65536),
 ([0, 23, 23, 211], [1, 1, 2, 2], [1, 1, 1], [1, 0, 1], 31517/65536),
 ([0, 10, 39, 289], [1, 1], [0, 0, 1], [1, 1, 1], 8505/16384),
 ([10, 94, 94, 107], [0, 2], [0, 0, 1], [1, 0, 1], 15757/32768),
 ([3, 20, 20, 62], [0, 1, 1, 1], [1, 1, 1], [1, 1, 1], 31511/65536),
 ([7, 13, 13, 205], [0, 2, 2, 2], [1, 1, 1], [1, 0, 0], 34025/65536),
 ([20, 29, 29, 137], [0, 2, 2, 2], [1, 1, 1], [1, 1, 1], 31511/65536),
 ([3, 3, 3, 107], [0, 1, 1], [0, 1, 1], [0, 0, 0], 17013/32768),
 ([10, 55, 55, 91], [0, 2, 2], [1, 1, 0], [1, 1, 1], 15755/32768),
 ([33, 55, 55, 81], [0, 2], [1, 0, 0], [1, 0, 0], 31509/65536),
 ([7, 16, 16, 68], [0, 1, 1, 1], [1, 1, 1], [0, 1, 0], 31509/65536),
 ([3, 7, 65, 111], [0, 1, 1], [0, 1, 1], [1, 1, 1], 34027/65536),
 ([16, 20, 20, 185], [0], [0, 0, 0], [0, 1, 0], 7877/16384),
 ([0, 39, 81, 270], [1, 1, 3, 3], [1, 1, 1], [1, 1, 1], 7877/16384),
 ([3, 3, 16, 273], [0], [0, 0, 0], [1, 1, 1], 7877/16384),
 ([7, 7, 16, 75], [0, 1, 1, 1], [1, 1, 1], [0, 0, 0], 7877/16384),
 ([7, 13, 13, 85], [0, 1], [1, 0, 0], [0, 1, 1], 7877/16384),
 ([16, 23, 23, 150], [0, 2, 2, 2], [1, 1, 1], [0, 0, 0], 7877/16384),
 ([3, 3, 7, 55], [0], [0, 0, 0], [1, 1, 0], 7877/16384),
 ([3, 3, 20, 42], [0], [0, 0, 0], [1, 1, 1], 7877/16384),
 ([3, 3, 46, 85], [0], [0, 0, 0], [0, 0, 1], 7877/16384),
 ([10, 10, 13, 192], [0], [0, 0, 0], [1, 1, 0], 7877/16384),
 ([3, 7, 55, 146], [0, 1, 2, 2], [1, 1, 1], [0, 1, 1], 17015/32768),
 ([0, 16, 20, 104], [0, 1, 1, 1], [1, 1, 1], [1, 0, 1], 34033/65536),
 ([39, 42, 65, 101], [0, 1], [0, 1, 0], [0, 1, 0], 8509/16384),
 ([0, 20, 169, 208], [0, 3, 3, 3], [1, 1, 1], [0, 1, 0], 15749/32768),
 ([0, 36, 46, 78], [0, 1], [0, 1, 0], [0, 1, 0], 31495/65536),
 ([0, 16, 46, 68], [0, 1, 1], [1, 1, 0], [1, 0, 0], 15747/32768),
 ([20, 20, 39, 49], [0, 1, 1, 1], [1, 1, 1], [0, 1, 1], 31487/65536),
 ([13, 20, 52, 85], [0, 1, 1, 1], [1, 1, 1], [1, 0, 1], 17025/32768),
 ([0, 0, 72, 120], [0, 1, 1, 1], [1, 1, 1], [1, 0, 1], 34051/65536),
 ([0, 0, 65, 111], [0, 1, 1, 1], [1, 1, 1], [1, 0, 1], 34051/65536),
 ([0, 0, 78, 107], [0, 1, 1, 1], [1, 1, 1], [1, 0, 1], 34051/65536),
 ([10, 16, 16, 68], [0, 1, 1, 1], [1, 1, 1], [1, 0, 0], 31485/65536),
 ([3, 3, 29, 107], [0, 1, 1], [1, 0, 1], [0, 0, 0], 4257/8192),
 ([3, 3, 7, 23], [0], [0, 0, 0], [0, 1, 1], 7869/16384),
 ([0, 0, 55, 150], [0, 1, 1, 1], [1, 1, 1], [0, 1, 1], 34063/65536),
 ([0, 0, 42, 140], [0, 1, 1, 1], [1, 1, 1], [0, 1, 1], 34063/65536),
 ([0, 13, 68, 101], [0, 1], [0, 0, 1], [0, 0, 1], 15735/32768),
 ([0, 16, 49, 59], [0, 1, 1, 1], [1, 1, 1], [1, 1, 0], 15735/32768),
 ([0, 0, 91, 130], [0, 1, 1, 2], [1, 1, 1], [0, 1, 1], 34067/65536),
 ([42, 42, 65, 88], [0, 1, 2, 2], [1, 1, 1], [1, 1, 1], 34069/65536),
 ([0, 7, 62, 72], [0, 1, 1, 1], [1, 1, 1], [0, 1, 1], 31465/65536),
 ([0, 20, 94, 124], [0, 2, 2, 2], [1, 1, 1], [1, 1, 0], 7865/16384),
 ([0, 3, 7, 192], [0, 1], [0, 0, 1], [1, 0, 0], 8519/16384),
 ([7, 23, 26, 270], [1, 1, 3, 3], [1, 1, 1], [1, 1, 1], 8519/16384)]